0.4069303257	0.3149597685	0.2113733201	-0.1766277591	0.3958326841	0.2123953884	-0.2554685771	0.3566555798	-0.1005907976	0.2190060312	0.1953987742	-0.1043251073	0.201824105	-0.456323248	0.3118764304	0.2063914865	-0.1041931366	0.211946712	-0.3344450509	0.2947001311	0.2155231549	0.2046632516	0.217183164	-0.309270497	0.2074927839	-0.4479265823	0.2293868114	0.3060834443	-0.4493149403	0.196249534	0.1986478492	-0.4626492446	0.2115969347	0.2061890483	0.2479267713	0.2048884676	0.1974913965	-0.1022778345	0.1955688739	0.1809397603	-0.2677245361	-0.3541233823	0.2187077024	0.2014323204	0.3143414722	0.2267835001	0.2045578274	0.2458792265	-0.4651017669	0.3741578389	0.2284798578	0.3166850682	0.2142853932	0.3065549807	-0.4235163554	-0.3448825758	-0.4581155497	0.2715030559	0.2011175538	-0.4766499481	-0.3798592777	0.1897530094	0.2043843136	-0.04409794143	-0.462727617	-0.4654104379	-0.4672862472	0.2131719782	-0.3395381794	-0.4729003279	0.1978999478	0.2362941822	-0.4522039757	-0.4635755138	-0.4817315903	-0.4721516566	-0.4742345646	0.2207641383	-0.4580279288	0.2366678508	0.2279059257	0.2047078756	0.2097926462	-0.4486609715	0.2010545109	-0.4500710395
0.3149597685	0.411370474	0.2157112573	-0.1992688408	0.3129561783	0.2195315537	-0.2605193353	0.3103440695	-0.09549019666	0.1959642637	0.1996218938	-0.09922450631	0.2033084276	-0.463959314	0.3030946291	0.2171710001	-0.09909253558	0.210368372	-0.3258621201	0.3208168922	0.2594138298	0.2052205185	0.2214657146	-0.3061157572	0.2097202936	-0.4559788614	0.226936472	0.2972019062	-0.4581189414	0.2113684083	0.2057840145	-0.4701292291	0.2170147389	0.2081044798	0.2434084857	0.2364935663	0.2169023658	-0.09717723354	0.2053724677	0.2128496659	-0.2631927336	-0.3630476178	0.2216127134	0.2015166585	0.3466877932	0.2315072706	0.2383503637	0.2872998183	-0.4730269942	0.2951392057	0.2320620762	0.3391411909	0.2222112921	0.2977731794	-0.4574972456	-0.3415728725	-0.4657516157	0.2704580523	0.197750911	-0.4833204667	-0.3640289363	0.2257807357	0.2086668642	-0.02705137772	-0.4739985198	-0.4713856137	-0.4781790711	0.2121970425	-0.3657945951	-0.4780326639	0.2013213201	0.2385706576	-0.4626936563	-0.4684133517	-0.4920165813	-0.4797877226	-0.4879136321	0.2256472427	-0.4655079133	0.2339614064	0.2274319331	0.2329669301	0.2107422689	-0.4534850405	0.2047922508	-0.4694297919
0.2113733201	0.2157112573	0.397499153	-0.2121181893	0.2085516794	0.2441288985	-0.2356562971	0.2151717083	-0.1003834458	0.2567542742	0.2555918353	-0.1041177555	0.2516846995	-0.4322440502	0.2117213727	0.211710615	-0.1039857848	0.2615634313	-0.3306414703	0.2251916279	0.1714880463	0.1935417138	0.2228628467	-0.2810793112	0.2896464069	-0.4387071368	0.2118758143	0.2050779423	-0.4491242913	0.2530954194	0.2296193398	-0.4385121718	0.3217974707	0.2600372718	0.2031221209	0.2773680029	0.2281737257	-0.1020704827	0.205599092	0.2014074111	-0.2566851097	-0.354266907	0.2025900398	0.2539180794	0.1997884297	0.2077365685	0.2577754891	0.1685905958	-0.4434382285	0.2142741424	0.2168369173	0.2005426707	0.1882794996	0.2080124086	-0.4585022111	-0.3177412638	-0.4331391353	0.1881146004	0.3514065683	-0.4536477919	-0.3622034138	0.1816549512	0.2746955497	-0.003878859557	-0.4541473638	-0.4462431718	-0.4599507489	0.2184911067	-0.3690129438	-0.456510612	0.3617535406	0.2017942389	-0.4535565465	-0.4432540825	-0.4545221954	-0.4501327338	-0.4688846554	0.2126172841	-0.4280833165	0.1954307815	0.2001893314	0.2578480384	0.2036171349	-0.4225214986	0.2499391856	-0.4383004732
-0.1766277591	-0.1992688408	-0.2121181893	2.06224849	-0.1772102936	-0.2046990275	0.6773677183	-0.1974473517	0.2962929471	-0.1628768355	-0.183943073	0.300474516	-0.1844838476	0.04789003053	-0.2006277	-0.2166995379	0.2586155433	-0.1677595728	0.6810428163	-0.2196071922	-0.1051965903	-0.1823675526	-0.1544369817	0.5481598404	-0.2048059003	-0.002967832477	-0.2168007498	-0.1995142435	-0.003233867818	-0.1762536653	-0.1993613655	0.009237322487	-0.2027944326	-0.1954685038	-0.1680165535	-0.2034081618	-0.1983011663	0.2767002704	-0.1914999115	-0.2073936016	1.423136382	0.7614894048	-0.2085570563	-0.1942482593	-0.1936894294	-0.2138095879	-0.1719951099	-0.02282382711	-0.02875234106	-0.1781075709	-0.2149079509	-0.1809153905	-0.1909463316	-0.2041091865	0.07018141113	0.6722020035	-0.0349158013	-0.200871548	-0.2112836772	-0.02647793912	0.6941584599	-0.2232568871	-0.1731957419	0.5785999309	0.03440269577	-0.005723551154	0.01597042163	-0.2099190462	0.7259932957	-0.02114701271	-0.2045628219	-0.1996693712	0.006084370825	-0.02469426361	-0.0200410141	-0.01402452283	-0.01995865083	-0.2157983354	-0.01042841328	-0.2151411979	-0.2214942399	-0.1644749864	-0.2218994282	-0.008230066385	-0.1781648696	0.003177857844
0.3958326841	0.3129561783	0.2085516794	-0.1772102936	0.4316167527	0.2182246674	-0.261236005	0.3538339391	-0.0902106634	0.2248353103	0.1925771336	-0.09394497306	0.1990024644	-0.4553709185	0.3040137375	0.2035698458	-0.09381300232	0.2031080993	-0.3411883986	0.2918784904	0.2127015143	0.2012783081	0.2143615234	-0.315037925	0.2004481414	-0.4369409956	0.2337499736	0.2972448316	-0.4383293536	0.1924519736	0.1958262085	-0.4516636579	0.2087752941	0.2033674076	0.2451051307	0.1960498549	0.1951752719	-0.09189770028	0.1917713135	0.1781181196	-0.2702769382	-0.3591287907	0.214910142	0.194364305	0.3055028595	0.2239618594	0.2094111867	0.2438522633	-0.4636765792	0.3798058757	0.227270945	0.3078464555	0.2201146723	0.2986922878	-0.4235399456	-0.3454651102	-0.4571632202	0.2739538422	0.1982959131	-0.4748795682	-0.3848646861	0.2001331436	0.2015626729	-0.03848256258	-0.4619565297	-0.4574477421	-0.4666230791	0.2103503376	-0.3352723502	-0.4664943291	0.1941023874	0.2466743164	-0.441218389	-0.4626231843	-0.4800172413	-0.4711993271	-0.4724641847	0.2169665779	-0.4570755992	0.2288051579	0.225613174	0.2009103152	0.2059950858	-0.447708642	0.1972569505	-0.4483566904
0.2123953884	0.2195315537	0.2441288985	-0.2046990275	0.2182246674	0.3810995481	-0.2604550213	0.2167694665	-0.1006024112	0.2290546266	0.2197365622	-0.1043367209	0.2125765674	-0.4243981	0.2217108002	0.2278248173	-0.1042047502	0.2322089462	-0.3105523993	0.2428321897	0.1780649078	0.2182783723	0.2328727417	-0.2788999645	0.2272287771	-0.4331314316	0.2293314404	0.2177801055	-0.4469433761	0.2108510958	0.3200750136	-0.4004175077	0.2374615417	0.2251187884	0.2163433936	0.2375547567	0.3186293995	-0.1022894481	0.2241640382	0.2541780447	-0.2680037243	-0.3127318389	0.2228583673	0.2361644158	0.2096923649	0.2183223641	0.2236280532	0.1806576388	-0.4231105309	0.2257331502	0.2177706892	0.2132448339	0.218823553	0.2207145719	-0.4528232497	-0.3231587986	-0.4289031375	0.1882563089	0.2226041563	-0.4408332905	-0.3530166015	0.1955285086	0.2308706921	0.002835173537	-0.4525846158	-0.4449080492	-0.4606247952	0.2346053091	-0.3389639296	-0.4160029807	0.2163302019	0.2076023257	-0.4521475412	-0.433119716	-0.442025469	-0.443830275	-0.4526559651	0.2166818509	-0.4236550817	0.2082508391	0.2093683212	0.2060823236	0.2100975502	-0.4165139035	0.2136292817	-0.4258356419
-0.2554685771	-0.2605193353	-0.2356562971	0.6773677183	-0.261236005	-0.2604550213	2.239643603	-0.2542557141	0.3464794695	-0.2783554705	-0.2329210231	0.3632981058	-0.211712252	0.1562261373	-0.2481886729	-0.2270606262	0.319346243	-0.2633058153	0.7633087197	-0.2677264246	-0.2168357289	-0.2499062292	-0.2000152278	0.7509901151	-0.2659900748	0.1449742665	-0.2638910074	-0.2496728978	0.1476272545	-0.2205655703	-0.2643079937	0.1680302705	-0.2416789114	-0.2582967143	-0.2464596776	-0.2819987447	-0.2694572818	0.336351769	-0.240384847	-0.2525187832	0.812509882	0.8656460131	-0.2744446486	-0.2350592792	-0.2676857772	-0.2672542793	-0.2619284988	-0.1695986954	0.1131175845	-0.2761656288	-0.2648571819	-0.2664487925	-0.2388843172	-0.2323927013	0.1584080566	0.8104631025	0.09554445296	-0.2673151049	-0.2474948353	0.1106447173	0.9134696509	-0.2859925904	-0.2493070928	0.1966829602	0.144427144	0.1346258332	0.1140795548	-0.2453114185	0.9151191639	0.1058672426	-0.2437842548	-0.2547475437	0.1921011369	0.1257210881	0.1350047548	0.149321822	0.1156970026	-0.2763273014	0.1254966314	-0.2486990753	-0.2589019908	-0.2384249003	-0.2661097813	0.1319274553	-0.2323243194	0.1687820122
0.3566555798	0.3103440695	0.2151717083	-0.1974473517	0.3538339391	0.2167694665	-0.2542557141	0.386241422	-0.08466916326	0.1933273119	0.1983566549	-0.08840347292	0.200579309	-0.4437267701	0.3044144148	0.2079642493	-0.08827150218	0.2034535573	-0.3221039912	0.2901068501	0.214079594	0.1858962819	0.2187637924	-0.2977716748	0.2053619302	-0.438977681	0.2159559123	0.2968518393	-0.4395723693	0.1957774722	0.2030219273	-0.4577916701	0.2131503668	0.200761815	0.2311049587	0.2032455737	0.2015763132	-0.08635620014	0.1867807009	0.1933307412	-0.2662921195	-0.3411100757	0.2206419811	0.1968951261	0.3023116391	0.2235245675	0.2051353397	0.2426645935	-0.4553070604	0.3368020484	0.2266848048	0.3074534632	0.2046458407	0.2982992954	-0.4361322653	-0.3357131808	-0.4470888441	0.2639640182	0.2130886236	-0.4710406517	-0.3663274204	0.1941270876	0.2033720105	-0.04634214414	-0.4595370282	-0.4598011414	-0.4596073316	0.214744741	-0.3462426513	-0.4611307804	0.1999389313	0.231994548	-0.4439979162	-0.4489988582	-0.4691911432	-0.4613160668	-0.4692872433	0.2179931656	-0.4404507635	0.2349601751	0.2281519128	0.19389884	0.2045395104	-0.4368825439	0.2016320233	-0.449197248
-0.1005907976	-0.09549019666	-0.1003834458	0.2962929471	-0.0902106634	-0.1006024112	0.3464794695	-0.08466916326	1.643718775	-0.1033621131	-0.1023094694	1.517389912	-0.08929713579	-0.2526677689	-0.08306465194	-0.1139833286	1.562865734	-0.09360090341	0.08903472713	-0.1008949355	-0.1029483463	-0.1190183693	-0.06649375952	0.7517654972	-0.09635702106	-0.2611100717	-0.108845397	-0.09134947617	-0.2616043483	-0.1033159544	-0.1088260108	-0.2667929065	-0.09415503213	-0.08819362096	-0.09372144613	-0.1096294915	-0.1102754151	1.528795078	-0.1258667279	-0.08400335234	0.233482252	0.4070042648	-0.1197618647	-0.089545734	-0.1005175834	-0.1196506327	-0.09940204858	-0.1071162134	-0.3016313586	-0.1174292454	-0.1105604169	-0.09765792819	-0.1060889037	-0.09453763884	-0.2567478056	1.138702909	-0.2911946857	-0.105180078	-0.1153089115	-0.2889299526	0.600421033	-0.1168582816	-0.09392786777	0.1476380685	-0.2938096843	-0.2972962879	-0.27473084	-0.1098605916	0.5931400325	-0.2931519847	-0.1001097935	-0.07690455202	-0.2518060859	-0.2784692201	-0.2923012025	-0.2767876494	-0.2976167839	-0.1238745598	-0.2537105464	-0.09205499379	-0.1128850675	-0.09801462291	-0.1355485451	-0.2940144876	-0.08534356225	-0.2827587567
0.2190060312	0.1959642637	0.2567542742	-0.1628768355	0.2248353103	0.2290546266	-0.2783554705	0.1933273119	-0.1033621131	0.4764389219	0.2743175023	-0.1069567556	0.2668220912	-0.4080770432	0.2037002836	0.2249485566	-0.106964452	0.3030806327	-0.3064824433	0.2063503409	0.1568658266	0.2212344469	0.2254557878	-0.2988529076	0.2523558728	-0.4391383893	0.1853276143	0.2078370185	-0.4531992599	0.2669894184	0.2268039486	-0.4390243109	0.2774718815	0.3058288443	0.2134962911	0.2746611909	0.2253583345	-0.1050491499	0.2326537164	0.2182538307	-0.2502180402	-0.3671156367	0.2006823975	0.2674688704	0.1877611756	0.1893802912	0.3088836953	0.166436957	-0.4503768541	0.2264134467	0.2007618662	0.1885422903	0.2254470685	0.1966885524	-0.4350242198	-0.3290123513	-0.4514831344	0.1747015292	0.2743834892	-0.4713065857	-0.3603436971	0.1790296514	0.3115204504	0.02052617502	-0.4640701709	-0.4575162277	-0.4613350869	0.2212650261	-0.3322992366	-0.4574257415	0.2618769949	0.1852622712	-0.4601610065	-0.4524697031	-0.4656635523	-0.4634595359	-0.462995306	0.2000354727	-0.4487512361	0.1891320907	0.1870282667	0.2940732194	0.1911441953	-0.4007229966	0.275702086	-0.4392522495
0.1953987742	0.1996218938	0.2555918353	-0.183943073	0.1925771336	0.2197365622	-0.2329210231	0.1983566549	-0.1023094694	0.2743175023	0.4759788881	-0.106043779	0.4113565662	-0.4278372426	0.205396454	0.2210913552	-0.1070025421	0.2729490865	-0.303831889	0.2030534878	0.1486664271	0.2008981963	0.2162694463	-0.2803607183	0.2574688861	-0.4374318873	0.1842793749	0.2098822238	-0.447571807	0.4116070388	0.2171169689	-0.4450783609	0.2600367728	0.2913641104	0.1892762401	0.2802503066	0.2150037602	-0.09517211949	0.1968123269	0.1818689442	-0.257247988	-0.3564071634	0.1833030719	0.2979547082	0.1910469647	0.1813540769	0.2702172332	0.1675880026	-0.4486192132	0.1893273695	0.1903607573	0.2025743035	0.2111138005	0.2056344709	-0.4579840806	-0.3115020346	-0.4147327315	0.1680401812	0.2672363672	-0.4741819804	-0.3796068294	0.1768168519	0.2850808976	-0.01573363635	-0.4605658124	-0.4534123694	-0.4649839051	0.2094338843	-0.3801679332	-0.4634806724	0.2466464833	0.1983000837	-0.4535109114	-0.4573066023	-0.4502558557	-0.4581637736	-0.4728730636	0.179383919	-0.4090787601	0.1986373969	0.1921560327	0.2623789242	0.1855564975	-0.418114691	0.4039166662	-0.4228522435
-0.1043251073	-0.09922450631	-0.1041177555	0.300474516	-0.09394497306	-0.1043367209	0.3632981058	-0.08840347292	1.517389912	-0.1069567556	-0.106043779	1.670731817	-0.09143032711	-0.2728250026	-0.0867989616	-0.1175779711	1.548072912	-0.09733521307	0.1111920142	-0.1046292451	-0.114442635	-0.1227526789	-0.07022806918	0.8065558496	-0.1054786715	-0.250083955	-0.1117616563	-0.09508378582	-0.2658970812	-0.1070502641	-0.1125603205	-0.2719059106	-0.09788934178	-0.09192793061	-0.08798678569	-0.1133638012	-0.1140097248	1.517285874	-0.1287829872	-0.08285917689	0.2490438927	0.448079268	-0.1234961744	-0.09246199328	-0.09560097337	-0.1233849423	-0.1031363582	-0.110850523	-0.2923784012	-0.121163555	-0.1150171606	-0.1013922378	-0.1143925037	-0.09827194849	-0.2560620719	1.182868714	-0.2961316199	-0.1185783969	-0.1190432211	-0.2970830575	0.6070804396	-0.1273108132	-0.09838461152	0.137008459	-0.2903660821	-0.2970506858	-0.2841439274	-0.1128629615	0.6139668223	-0.2967663344	-0.1038441031	-0.08063886168	-0.256238486	-0.2737464209	-0.2891185727	-0.27442307	-0.2966664194	-0.1276088695	-0.2571447047	-0.09578930344	-0.1147174459	-0.1017489326	-0.1384648044	-0.2943241056	-0.09446521267	-0.2667641624
0.201824105	0.2033084276	0.2516846995	-0.1844838476	0.1990024644	0.2125765674	-0.211712252	0.200579309	-0.08929713579	0.2668220912	0.4113565662	-0.09143032711	0.4799532062	-0.4419849965	0.207870756	0.1961380816	-0.09011434156	0.2772689163	-0.3092392641	0.1981977542	0.1411430128	0.1886557866	0.2286422192	-0.2800672916	0.2516449779	-0.4321548078	0.1872121608	0.2108886688	-0.4412213246	0.4139328219	0.2246427447	-0.4518871927	0.2645413569	0.2810160531	0.195108822	0.2735449426	0.2060343338	-0.09025223286	0.1903277066	0.1914057011	-0.2447091513	-0.3399825352	0.1919679481	0.3060713132	0.2018387007	0.1814594485	0.2692732339	0.1766733087	-0.4541181434	0.1790644353	0.1939641748	0.2062608372	0.1936204455	0.2068616268	-0.4467509458	-0.3179473038	-0.4380997975	0.1614842319	0.2453246613	-0.4689919813	-0.3611629485	0.1544552801	0.2756070391	-0.02849759508	-0.4511856832	-0.4598945858	-0.4641923713	0.2165316182	-0.3530064913	-0.4652674026	0.2399708529	0.1882573948	-0.4414179384	-0.453773222	-0.448677488	-0.4572807487	-0.4782805786	0.172678555	-0.4324458261	0.2127485864	0.1926523672	0.2677435019	0.1768942917	-0.4220029132	0.4110141819	-0.4362116232
-0.456323248	-0.463959314	-0.4322440502	0.04789003053	-0.4553709185	-0.4243981	0.1562261373	-0.4437267701	-0.2526677689	-0.4080770432	-0.4278372426	-0.2728250026	-0.4419849965	1.540728034	-0.4562686392	-0.4252133555	-0.269529183	-0.4543176149	0.1800323419	-0.4430600762	-0.3772351958	-0.3934529353	-0.4373965377	-0.04115208457	-0.4189939385	1.168842324	-0.459629725	-0.4607370652	1.14908272	-0.4343100245	-0.4175301664	1.33266253	-0.4366779244	-0.4441925344	-0.427949475	-0.4378655656	-0.4102997448	-0.2643864661	-0.4256180652	-0.3879122141	0.1442513222	0.05255453673	-0.4490776063	-0.437964409	-0.4605676208	-0.4417823562	-0.4465303641	-0.4232345467	1.087486127	-0.4436188345	-0.4647965903	-0.4609199911	-0.4179683802	-0.4607098414	1.070944458	-0.02646824357	1.274302287	-0.4119353509	-0.4007747134	1.083726294	0.02945873001	-0.4039379721	-0.4435009623	-0.1858098727	1.093450391	1.105522197	1.084320309	-0.432144035	0.01080372525	1.070157447	-0.4456130604	-0.4596172335	1.121987164	1.088843395	1.134286957	1.1291047	1.117157681	-0.4618338334	1.243280181	-0.4452475412	-0.4223321623	-0.4312651594	-0.4441073467	1.25966	-0.4496308382	1.197769832
0.3118764304	0.3030946291	0.2117213727	-0.2006277	0.3040137375	0.2217108002	-0.2481886729	0.3044144148	-0.08306465194	0.2037002836	0.205396454	-0.0867989616	0.207870756	-0.4562686392	0.3607903207	0.1981331208	-0.08666699086	0.21588864	-0.3412846918	0.281863459	0.2113767058	0.1917290587	0.2395144721	-0.2954415524	0.2153443161	-0.4476501735	0.2283446387	0.3374055306	-0.4454735075	0.2031251464	0.207963261	-0.4687637668	0.2261404939	0.2070599151	0.2394878567	0.2142775337	0.2075672209	-0.08475168882	0.1965330675	0.2001980918	-0.2615689047	-0.3525284199	0.2333249158	0.2142042098	0.3086922445	0.2284659012	0.2124830139	0.2401832182	-0.4653363194	0.2866746543	0.2319889542	0.3110627142	0.2045631479	0.33388274	-0.4474075839	-0.3148815276	-0.4580609409	0.2921457226	0.1986207221	-0.4827644704	-0.3770383442	0.2065021472	0.2096701107	-0.04087800639	-0.4671599467	-0.4637833591	-0.4638688836	0.2049136126	-0.3666029523	-0.4634184384	0.2042301968	0.2387182823	-0.4508418921	-0.4540306499	-0.4780753671	-0.4693256934	-0.4729329265	0.2306761003	-0.4576105042	0.2528865218	0.234133948	0.2009304493	0.2102143532	-0.4465460876	0.2156717244	-0.4617391171
0.2063914865	0.2171710001	0.211710615	-0.2166995379	0.2035698458	0.2278248173	-0.2270606262	0.2079642493	-0.1139833286	0.2249485566	0.2210913552	-0.1175779711	0.1961380816	-0.4252133555	0.1981331208	0.5314795541	-0.1175856675	0.1857782676	-0.3153070817	0.2134540265	0.1980942088	0.4263555141	0.2035152039	-0.2928926731	0.2010850023	-0.4385279217	0.1862656497	0.2000011639	-0.455701188	0.1984002391	0.2294097831	-0.4464968631	0.2135367013	0.200909407	0.2021464794	0.2151769768	0.2272965743	-0.1068459787	0.4327877736	0.2483458878	-0.2702128191	-0.3384676156	0.2088331299	0.1977528561	0.232911568	0.1997995427	0.1804038798	0.1985637335	-0.4410468087	0.2110783286	0.2029720769	0.236464037	0.4268300968	0.2116241043	-0.440904456	-0.3117966747	-0.4256674335	0.1654621144	0.2345490767	-0.4645875702	-0.3187407205	0.1759839056	0.2010434291	0.01357209221	-0.4617912389	-0.4577903214	-0.4369941898	0.4454414858	-0.3549252874	-0.4608216678	0.2042404807	0.1928037134	-0.4626629346	-0.4430917402	-0.4575065936	-0.4565263861	-0.4423736774	0.1971372479	-0.4126606431	0.1919417924	0.1898237182	0.1820569544	0.1951147956	-0.4136926697	0.1971907958	-0.3764228564
-0.1041931366	-0.09909253558	-0.1039857848	0.2586155433	-0.09381300232	-0.1042047502	0.319346243	-0.08827150218	1.562865734	-0.106964452	-0.1070025421	1.548072912	-0.09011434156	-0.269529183	-0.08666699086	-0.1175856675	1.680673038	-0.09720324233	0.09194963432	-0.1044972744	-0.1020035544	-0.1226207082	-0.07009609844	0.7887629035	-0.1045520232	-0.2480365308	-0.1117435913	-0.09495181509	-0.2639893241	-0.1053289383	-0.1124283497	-0.2616531773	-0.09775737105	-0.09179595988	-0.09724227967	-0.1132318304	-0.1138777541	1.570810039	-0.1294690668	-0.0874142692	0.2080365154	0.4413895482	-0.1233642036	-0.09415730137	-0.1041199223	-0.1224582941	-0.1030043875	-0.1107185523	-0.2940948147	-0.1210315843	-0.1133680783	-0.09967091209	-0.1150785833	-0.09813997776	-0.2423326245	1.183222172	-0.2956735507	-0.1116393213	-0.1180140338	-0.2957721782	0.6174284867	-0.1233265523	-0.09753020669	0.1323840794	-0.3051073459	-0.2996557157	-0.2821198761	-0.1127309907	0.603593905	-0.2955369605	-0.103630627	-0.08050689095	-0.257167617	-0.2716989967	-0.2815945164	-0.2723756458	-0.2883243127	-0.1273953934	-0.2487210927	-0.09565733271	-0.1146310964	-0.1000276068	-0.1376520619	-0.2957533955	-0.09362909731	-0.2584220558
0.211946712	0.210368372	0.2615634313	-0.1677595728	0.2031080993	0.2322089462	-0.2633058153	0.2034535573	-0.09360090341	0.3030806327	0.2729490865	-0.09733521307	0.2772689163	-0.4543176149	0.21588864	0.1857782676	-0.09720324233	0.4019338057	-0.3147754594	0.1969685003	0.1556227185	0.216899417	0.2436590028	-0.2866409066	0.2677130995	-0.4475506867	0.2297729826	0.2202840228	-0.4557099516	0.2913080765	0.218461407	-0.4633996495	0.2716732789	0.3495429098	0.2130413642	0.2975112305	0.2318272166	-0.0952879403	0.1937759947	0.2032046546	-0.2479514701	-0.3661811295	0.2248605569	0.2751177413	0.2240850064	0.2112587206	0.3289465049	0.188246885	-0.469451179	0.204783211	0.2247302714	0.2249198562	0.1903660337	0.2131655308	-0.4520301361	-0.3012340199	-0.459526797	0.1863919812	0.2459532383	-0.4796328712	-0.377325265	0.1895418513	0.3277203805	-0.0003646864433	-0.4625823244	-0.4675768648	-0.4670484109	0.1925587593	-0.3815849226	-0.470048755	0.2741634473	0.220333058	-0.4601253137	-0.4708250469	-0.4838456517	-0.4778942071	-0.4919966025	0.2158656716	-0.4632730433	0.2156886383	0.2114472487	0.3354043838	0.2131514725	-0.4530514665	0.2881555269	-0.4672331998
-0.3344450509	-0.3258621201	-0.3306414703	0.6810428163	-0.3411883986	-0.3105523993	0.7633087197	-0.3221039912	0.08903472713	-0.3064824433	-0.303831889	0.1111920142	-0.3092392641	0.1800323419	-0.3412846918	-0.3153070817	0.09194963432	-0.3147754594	2.692643565	-0.3191083829	-0.326621928	-0.2884518187	-0.305478414	1.123842016	-0.2932269299	0.1166151637	-0.297259141	-0.3242729105	0.120539675	-0.29579423	-0.2894449358	0.1577928547	-0.3225014502	-0.3214530207	-0.2345095945	-0.3092870848	-0.2832023041	0.1072365239	-0.3004241381	-0.2909267178	0.8287611486	1.882663743	-0.3239154323	-0.3111443789	-0.3205762371	-0.2880798518	-0.3075360517	-0.2609717212	0.1409847738	-0.3083905197	-0.3044534748	-0.3330845535	-0.2955329215	-0.315253324	0.1311012858	0.7249340693	0.1617610379	-0.3005050992	-0.3239212328	0.1617672281	1.855913321	-0.294938827	-0.3243031365	0.2678705416	0.1531086052	0.1364809324	0.1690981514	-0.3062113378	1.882500091	0.1239872411	-0.3071447622	-0.3241436675	0.1269348335	0.158010142	0.1400538402	0.1441158872	0.1656165264	-0.3037507856	0.1627818047	-0.3201872926	-0.3309543441	-0.3004955703	-0.2769940453	0.1442509431	-0.3048617293	0.1471013589
0.2947001311	0.3208168922	0.2251916279	-0.2196071922	0.2918784904	0.2428321897	-0.2677264246	0.2901068501	-0.1008949355	0.2063503409	0.2030534878	-0.1046292451	0.1981977542	-0.4430600762	0.281863459	0.2134540265	-0.1044972744	0.1969685003	-0.3191083829	0.4498685852	0.2649227137	0.2051165141	0.2115576048	-0.297277863	0.2276796379	-0.4673354502	0.2208308581	0.2870983492	-0.4769817834	0.1906995883	0.2586360744	-0.4479316988	0.2048378249	0.1917131425	0.2202426403	0.212011506	0.2579594574	-0.1025819724	0.2127082456	0.200866813	-0.2786612665	-0.3525940922	0.219423349	0.2182239425	0.319938387	0.2287704143	0.1920409873	0.2557455146	-0.4607786761	0.3093843367	0.2389268096	0.3088803845	0.1968322532	0.2889832415	-0.4841863668	-0.3223713512	-0.428050397	0.2822069109	0.2176123711	-0.4631595708	-0.3523328605	0.2187294845	0.2055767429	-0.0203431634	-0.4748787947	-0.4578258515	-0.4803450438	0.2089525057	-0.3683397848	-0.4753491171	0.2257499258	0.2270096367	-0.4813346984	-0.4680253057	-0.4753604138	-0.4739213597	-0.482712865	0.2407195768	-0.4444019412	0.2314201223	0.2161334915	0.1867756929	0.2341194209	-0.4277504723	0.1885703177	-0.418533434
0.2155231549	0.2594138298	0.1714880463	-0.1051965903	0.2127015143	0.1780649078	-0.2168357289	0.214079594	-0.1029483463	0.1568658266	0.1486664271	-0.114442635	0.1411430128	-0.3772351958	0.2113767058	0.1980942088	-0.1020035544	0.1556227185	-0.326621928	0.2649227137	0.6022939082	0.1973755405	0.1750284406	-0.289826689	0.1810210614	-0.4086833626	0.1604225979	0.2100541595	-0.3839221974	0.1454713971	0.1690633593	-0.3807789967	0.1550186457	0.1544316576	0.1770600831	0.167236342	0.1676827088	-0.1098608801	0.1899423148	0.2359805885	-0.1894824825	-0.3500259165	0.1752725506	0.1471916868	0.2832834711	0.1810031773	0.1536534204	0.3743352976	-0.3549922319	0.2300679214	0.1865253652	0.2811945814	0.1872397529	0.2076677416	-0.3932704019	-0.2836467128	-0.3029001005	0.2783006079	0.1591448587	-0.3747163122	-0.3372256879	0.2432474185	0.1754377986	-0.05597121645	-0.3710965283	-0.3621770697	-0.4165534547	0.1748953941	-0.3595570054	-0.3957699544	0.1741013233	0.1658037346	-0.3259577051	-0.401541914	-0.3764769564	-0.3802191368	-0.3800087021	0.1867333728	-0.3816742341	0.1631641316	0.1624695081	0.1507022614	0.1798112748	-0.3224146449	0.1486518648	-0.3519095077
0.2046632516	0.2052205185	0.1935417138	-0.1823675526	0.2012783081	0.2182783723	-0.2499062292	0.1858962819	-0.1190183693	0.2212344469	0.2008981963	-0.1227526789	0.1886557866	-0.3934529353	0.1917290587	0.4263555141	-0.1226207082	0.216899417	-0.2884518187	0.2051165141	0.1973755405	0.5751806224	0.2050762619	-0.3213416991	0.200145135	-0.4420561884	0.19541745	0.2014687511	-0.4581963139	0.2017481695	0.2214993025	-0.4328567323	0.192971822	0.1798187468	0.1920530032	0.221445867	0.2301191215	-0.1152177165	0.4325702055	0.2518209356	-0.262631024	-0.3764549508	0.2234553648	0.1852379463	0.2541607007	0.1845101171	0.188058157	0.1967421785	-0.4276301931	0.2176641268	0.1938572498	0.2449580242	0.431142881	0.1983253742	-0.4314305777	-0.3193018887	-0.425400978	0.2033660272	0.2019499601	-0.449354207	-0.3528098844	0.2026442503	0.1902653404	0.02520702536	-0.4476323787	-0.4225692179	-0.4234002634	0.3575467829	-0.3720068899	-0.4379236973	0.2033582409	0.1839473984	-0.4616857314	-0.4478448156	-0.4582902785	-0.4544317456	-0.4258479952	0.1971744996	-0.4255997544	0.19109766	0.1857642778	0.1902381146	0.2143789825	-0.4123045739	0.2030982569	-0.3438372643
0.217183164	0.2214657146	0.2228628467	-0.1544369817	0.2143615234	0.2328727417	-0.2000152278	0.2187637924	-0.06649375952	0.2254557878	0.2162694463	-0.07022806918	0.2286422192	-0.4373965377	0.2395144721	0.2035152039	-0.07009609844	0.2436590028	-0.305478414	0.2115576048	0.1750284406	0.2050762619	0.377091515	-0.2924174628	0.2108029159	-0.428778072	0.2048829651	0.2209282026	-0.4299504718	0.2194759393	0.2245837893	-0.4432691191	0.2298551719	0.2217653958	0.2269905818	0.2159208611	0.2176795884	-0.06818079641	0.2009709061	0.255619109	-0.2049491397	-0.3520112864	0.2214261594	0.2226895716	0.2089197893	0.2069124956	0.2188453133	0.2103100021	-0.4198561971	0.1999921419	0.2153281737	0.223111087	0.200675269	0.2210479176	-0.4214968248	-0.2956724017	-0.4365959079	0.1875097271	0.2039077664	-0.443764683	-0.3524213067	0.1867896351	0.2445063192	-0.01794232708	-0.4422799989	-0.4148237412	-0.4235608378	0.2102956956	-0.3516472734	-0.4233813054	0.2248149107	0.2180013401	-0.4341796197	-0.4192834564	-0.4441415708	-0.4478606604	-0.4523600719	0.2123153756	-0.4365082869	0.2362540941	0.229440043	0.2244729321	0.1987568876	-0.4074478739	0.220082055	-0.4402740841
-0.309270497	-0.3061157572	-0.2810793112	0.5481598404	-0.315037925	-0.2788999645	0.7509901151	-0.2977716748	0.7517654972	-0.2988529076	-0.2803607183	0.8065558496	-0.2800672916	-0.04115208457	-0.2954415524	-0.2928926731	0.7887629035	-0.2866409066	1.123842016	-0.297277863	-0.289826689	-0.3213416991	-0.2924174628	2.607000975	-0.2762096875	-0.07091244973	-0.2446927413	-0.2981566388	-0.0640229002	-0.2825833957	-0.2956907125	-0.04477074307	-0.2901294303	-0.2675544271	-0.2132582138	-0.2887030083	-0.294072964	0.8378475269	-0.3053286822	-0.2761066937	0.6965124436	1.794875345	-0.2824845659	-0.2852226774	-0.3054006477	-0.254349606	-0.2947450697	-0.2422656199	-0.05419613858	-0.3139928499	-0.2571548881	-0.3131520916	-0.2914840193	-0.2938247115	-0.05590412012	1.703974571	-0.072367812	-0.294788478	-0.2737097761	-0.04631571539	1.666061978	-0.2705641262	-0.2950434779	0.2857055844	-0.07165688394	-0.07643535046	-0.04840726105	-0.291971284	1.68246319	-0.06953229911	-0.2751456769	-0.2778833939	-0.07055990917	-0.05065275094	-0.0486144482	-0.07269353849	-0.0633413938	-0.2719869788	-0.04453148637	-0.2896034114	-0.2884331466	-0.297587935	-0.2660853361	-0.07812111032	-0.2753626501	-0.04230553457
0.2074927839	0.2097202936	0.2896464069	-0.2048059003	0.2004481414	0.2272287771	-0.2659900748	0.2053619302	-0.09635702106	0.2523558728	0.2574688861	-0.1054786715	0.2516449779	-0.4189939385	0.2153443161	0.2010850023	-0.1045520232	0.2677130995	-0.2932269299	0.2276796379	0.1810210614	0.200145135	0.2108029159	-0.2762096875	0.3913736666	-0.4405380214	0.2057257866	0.223997123	-0.4492096613	0.2556105465	0.213001962	-0.4460169624	0.2901864042	0.2546032442	0.2392252909	0.2751710515	0.2115563479	-0.1034313987	0.2002651704	0.2001129251	-0.2574563591	-0.3419274185	0.2043621317	0.2861809594	0.20930445	0.242151804	0.2548181471	0.1705778147	-0.444767482	0.2054133147	0.2318774578	0.2083422294	0.2100798866	0.2223426449	-0.459658543	-0.3210770089	-0.4267173984	0.2019470409	0.2829795783	-0.4321490025	-0.3629128321	0.2072996537	0.2625415442	-0.0211734811	-0.4348730779	-0.4388263815	-0.4436473526	0.207865494	-0.3659150339	-0.4486998673	0.3030057068	0.1969200379	-0.4586925276	-0.4495546484	-0.4561998584	-0.4599356724	-0.4709148508	0.2200834527	-0.4379263813	0.2000672577	0.193350375	0.2459233372	0.220382691	-0.4324909984	0.263837026	-0.447316326
-0.4479265823	-0.4559788614	-0.4387071368	-0.002967832477	-0.4369409956	-0.4331314316	0.1449742665	-0.438977681	-0.2611100717	-0.4391383893	-0.4374318873	-0.250083955	-0.4321548078	1.168842324	-0.4476501735	-0.4385279217	-0.2480365308	-0.4475506867	0.1166151637	-0.4673354502	-0.4086833626	-0.4420561884	-0.428778072	-0.07091244973	-0.4405380214	1.464351797	-0.4624718165	-0.4556609553	1.30924203	-0.4366255143	-0.4336220004	1.208219927	-0.425973601	-0.434173602	-0.4483126834	-0.4472692359	-0.4445866718	-0.2756968907	-0.4437622983	-0.4027790752	0.1338321924	0.07932197491	-0.4508538618	-0.4329174077	-0.4689137183	-0.4530742629	-0.435526375	-0.4105592699	1.123392261	-0.4588594541	-0.4664780285	-0.4647660817	-0.4210811164	-0.4528699259	1.178569104	-0.03557432362	1.152952199	-0.4264126029	-0.4425120926	1.18539299	0.01510438474	-0.4632276233	-0.4332488906	-0.20485208	1.115793551	1.128451941	1.140674794	-0.4454694829	0.02547464542	1.183863802	-0.4512808704	-0.4495348882	1.219632005	1.171116272	1.288679831	1.223888781	1.159912516	-0.4666779172	1.167629007	-0.4488305282	-0.4330958292	-0.430778428	-0.4555513116	1.112914297	-0.4427083575	1.152365507
0.2293868114	0.226936472	0.2118758143	-0.2168007498	0.2337499736	0.2293314404	-0.2638910074	0.2159559123	-0.108845397	0.1853276143	0.1842793749	-0.1117616563	0.1872121608	-0.459629725	0.2283446387	0.1862656497	-0.1117435913	0.2297729826	-0.297259141	0.2208308581	0.1604225979	0.19541745	0.2048829651	-0.2446927413	0.2057257866	-0.4624718165	0.4732878908	0.2299715919	-0.4703883139	0.2019279698	0.1935684618	-0.4511277025	0.2029233858	0.2318968973	0.2450984298	0.2155717826	0.2000451489	-0.1105324339	0.1977221402	0.1976968325	-0.2787407827	-0.2989637174	0.3317363648	0.2087096698	0.2294389518	0.3599109501	0.2016960371	0.1759291241	-0.4512026333	0.2197665939	0.3453431694	0.228289935	0.1926847335	0.2250499802	-0.4642005161	-0.3144282307	-0.4674431588	0.1997221447	0.1897995711	-0.4613222594	-0.3618062898	0.3370471935	0.203977089	-0.04591319505	-0.4585050712	-0.4633491264	-0.4719784941	0.1969849635	-0.3418813711	-0.4458973748	0.2018977457	0.376107418	-0.470905497	-0.4714546093	-0.467834156	-0.4752738797	-0.472866605	0.3687876627	-0.4662182161	0.3460910373	0.346957222	0.2077897185	0.3780814034	-0.4610726016	0.1942079355	-0.4710335873
0.3060834443	0.2972019062	0.2050779423	-0.1995142435	0.2972448316	0.2177801055	-0.2496728978	0.2968518393	-0.09134947617	0.2078370185	0.2098822238	-0.09508378582	0.2108886688	-0.4607370652	0.3374055306	0.2000011639	-0.09495181509	0.2202840228	-0.3242729105	0.2870983492	0.2100541595	0.2014687511	0.2209282026	-0.2981566388	0.223997123	-0.4556609553	0.2299715919	0.3760879647	-0.4535738143	0.2190185485	0.2040325664	-0.4739363374	0.2278830615	0.2083584389	0.2444785678	0.2187426981	0.2097145759	-0.09303651305	0.2033467447	0.1889452047	-0.2653244136	-0.3455482089	0.2437686495	0.2160535983	0.318422806	0.2259990862	0.216790056	0.2342205069	-0.4688288256	0.2938199076	0.2287450179	0.3154024032	0.1977942421	0.3503540141	-0.4496469018	-0.31529683	-0.4652421026	0.2985148908	0.2007437141	-0.483121304	-0.3698520483	0.2026359481	0.2014373252	-0.03277365959	-0.462143732	-0.4611775792	-0.4665613507	0.2067816556	-0.3606655126	-0.4623161025	0.2133121008	0.2338877663	-0.4581485293	-0.4618833094	-0.482543793	-0.4737941194	-0.4808272604	0.2324285289	-0.4613921718	0.23862666	0.230433354	0.2025574025	0.218165801	-0.4510145136	0.2326955826	-0.4662075431
-0.4493149403	-0.4581189414	-0.4491242913	-0.003233867818	-0.4383293536	-0.4469433761	0.1476272545	-0.4395723693	-0.2616043483	-0.4531992599	-0.447571807	-0.2658970812	-0.4412213246	1.14908272	-0.4454735075	-0.455701188	-0.2639893241	-0.4557099516	0.120539675	-0.4769817834	-0.3839221974	-0.4581963139	-0.4299504718	-0.0640229002	-0.4492096613	1.30924203	-0.4703883139	-0.4535738143	1.48727706	-0.4465942258	-0.4474791794	1.168596706	-0.4323409655	-0.4432401188	-0.450276072	-0.4627525184	-0.455915883	-0.2784175599	-0.4501875875	-0.4034642616	0.1128493433	0.05251224189	-0.4687300524	-0.4307163609	-0.4667472371	-0.4679172222	-0.4420099833	-0.4145405594	1.16309694	-0.4685057873	-0.4726214112	-0.4661544397	-0.4425489216	-0.4557655406	1.180068149	-0.02362709245	1.172657627	-0.4021720151	-0.4518893186	1.224090805	-0.0001983595226	-0.4410801814	-0.4479804511	-0.2275757104	1.165409996	1.165201633	1.170479413	-0.4543323312	0.01285732314	1.20342259	-0.4562750376	-0.4509232462	1.31349161	1.204118835	1.331892508	1.270120139	1.22840088	-0.4708658898	1.134942288	-0.4522086072	-0.4344466518	-0.4354201356	-0.4795464443	1.102274812	-0.4490035199	1.115468688
0.196249534	0.2113684083	0.2530954194	-0.1762536653	0.1924519736	0.2108510958	-0.2205655703	0.1957774722	-0.1033159544	0.2669894184	0.4116070388	-0.1070502641	0.4139328219	-0.4343100245	0.2031251464	0.1984002391	-0.1053289383	0.2913080765	-0.29579423	0.1906995883	0.1454713971	0.2017481695	0.2194759393	-0.2825833957	0.2556105465	-0.4366255143	0.2019279698	0.2190185485	-0.4465942258	0.4585602708	0.2000420287	-0.447919519	0.2637271492	0.277766433	0.1985115066	0.2929363332	0.2222816097	-0.1056897496	0.2010419503	0.1917714816	-0.2568154708	-0.3573142686	0.196699992	0.3002895235	0.2126239618	0.1835993277	0.2882683482	0.1731972234	-0.4579079241	0.1990950763	0.1949157228	0.2185882336	0.1937877727	0.2064418894	-0.4431106865	-0.311600744	-0.4436137843	0.1736483249	0.238935899	-0.4705547983	-0.3804571111	0.1652984542	0.2798616083	-0.01853624831	-0.4543603763	-0.4578090439	-0.4630280617	0.204896551	-0.376960994	-0.4649197269	0.2516332006	0.19117285	-0.4435602939	-0.4584207832	-0.4477890994	-0.4572895767	-0.4796800923	0.1863329362	-0.4448128721	0.1922527221	0.1936387777	0.2862364856	0.1954738194	-0.4344352139	0.4210573602	-0.4486854057
0.1986478492	0.2057840145	0.2296193398	-0.1993613655	0.1958262085	0.3200750136	-0.2643079937	0.2030219273	-0.1088260108	0.2268039486	0.2171169689	-0.1125603205	0.2246427447	-0.4175301664	0.207963261	0.2294097831	-0.1124283497	0.218461407	-0.2894449358	0.2586360744	0.1690633593	0.2214993025	0.2245837893	-0.2956907125	0.213001962	-0.4336220004	0.1935684618	0.2040325664	-0.4474791794	0.2000420287	0.4450308269	-0.4270997683	0.2237140025	0.2297508445	0.2062105676	0.2296477411	0.4037879566	-0.1064538154	0.2192173358	0.2121734846	-0.2626660623	-0.3349011782	0.2653740281	0.2322807581	0.1959448257	0.2068902676	0.221330795	0.1695030311	-0.4234312298	0.2033346913	0.2169271249	0.1994972947	0.2017182674	0.2095599642	-0.4507661215	-0.3147214902	-0.4008247723	0.2060468021	0.250460378	-0.4491050766	-0.3382434116	0.1963209088	0.2218691436	0.01618698382	-0.3954931341	-0.4270236011	-0.4554463589	0.2601964045	-0.3479060216	-0.4426852413	0.2068540543	0.1998944383	-0.450090413	-0.4310625877	-0.4537851618	-0.4417731467	-0.4614101191	0.2084993644	-0.3834820993	0.2128605046	0.1969144431	0.1970807751	0.2077694253	-0.3609195079	0.202474674	-0.3965807647
-0.4626492446	-0.4701292291	-0.4385121718	0.009237322487	-0.4516636579	-0.4004175077	0.1680302705	-0.4577916701	-0.2667929065	-0.4390243109	-0.4450783609	-0.2719059106	-0.4518871927	1.33266253	-0.4687637668	-0.4464968631	-0.2616531773	-0.4633996495	0.1577928547	-0.4479316988	-0.3807789967	-0.4328567323	-0.4432691191	-0.04477074307	-0.4460169624	1.208219927	-0.4511277025	-0.4739363374	1.168596706	-0.447919519	-0.4270997683	1.598080137	-0.4532154413	-0.4546582839	-0.4499268485	-0.4467364822	-0.405904044	-0.281758427	-0.4419337919	-0.3662079273	0.1455145	0.1019006921	-0.4637263364	-0.4471127489	-0.4778196208	-0.4618636458	-0.4590254917	-0.4331367428	1.108349492	-0.4399694488	-0.4669350936	-0.4734151188	-0.4551492906	-0.4713439774	1.130038084	0.000235590285	1.264069993	-0.4312521172	-0.4222599764	1.108795482	0.05462318147	-0.4217161195	-0.4505106086	-0.1831132107	1.075838811	1.107278721	1.077420245	-0.445771824	0.04380772246	1.128849868	-0.4510962172	-0.4659432301	1.165809829	1.105752666	1.17802929	1.146162387	1.129948232	-0.4636927791	1.259855561	-0.4543068976	-0.4235274339	-0.44166127	-0.4513570728	1.280233371	-0.4595330344	1.252320287
0.2115969347	0.2170147389	0.3217974707	-0.2027944326	0.2087752941	0.2374615417	-0.2416789114	0.2131503668	-0.09415503213	0.2774718815	0.2600367728	-0.09788934178	0.2645413569	-0.4366779244	0.2261404939	0.2135367013	-0.09775737105	0.2716732789	-0.3225014502	0.2048378249	0.1550186457	0.192971822	0.2298551719	-0.2901294303	0.2901864042	-0.425973601	0.2029233858	0.2278830615	-0.4323409655	0.2637271492	0.2237140025	-0.4532154413	0.3951124955	0.2674040543	0.2152446179	0.2722688602	0.2222683884	-0.09584206901	0.2111448163	0.1922701859	-0.250279447	-0.345431806	0.2163334133	0.2716694533	0.2100759105	0.2012331613	0.2709876834	0.186931078	-0.4530101838	0.191635493	0.2068379819	0.2124463802	0.1963128136	0.225409845	-0.4463766581	-0.3248019994	-0.4455986088	0.1764403424	0.3045297686	-0.4673009814	-0.3618822332	0.1806880397	0.2674151167	-0.009021733884	-0.4596503044	-0.4574252181	-0.4562321816	0.209992838	-0.3597755517	-0.4557817364	0.3042676381	0.2091663612	-0.4376991653	-0.4426316381	-0.4627724878	-0.4562109006	-0.4691177292	0.2057580069	-0.4398964751	0.2032562909	0.2038598463	0.2620928736	0.1850194944	-0.4309977621	0.2734213517	-0.4429581276
0.2061890483	0.2081044798	0.2600372718	-0.1954685038	0.2033674076	0.2251187884	-0.2582967143	0.200761815	-0.08819362096	0.3058288443	0.2913641104	-0.09192793061	0.2810160531	-0.4441925344	0.2070599151	0.200909407	-0.09179595988	0.3495429098	-0.3214530207	0.1917131425	0.1544316576	0.1798187468	0.2217653958	-0.2675544271	0.2546032442	-0.434173602	0.2318968973	0.2083584389	-0.4432401188	0.277766433	0.2297508445	-0.4546582839	0.2674040543	0.4183256183	0.2028566506	0.2682507873	0.2250447043	-0.08105627108	0.1826647778	0.1831014457	-0.2591293138	-0.3568175216	0.224386501	0.2599985742	0.1950014967	0.222461003	0.3154202118	0.1794858566	-0.4588496734	0.1807166427	0.2339309566	0.1973450926	0.2041680628	0.2043313969	-0.4512520659	-0.3041173489	-0.4347409848	0.1678368834	0.2626330694	-0.4726387563	-0.3714371315	0.1922448435	0.315344987	-0.02196724826	-0.4553414007	-0.4617830006	-0.4621861593	0.2005876707	-0.3658792701	-0.4672861968	0.248379184	0.233820748	-0.4443197076	-0.4612732465	-0.4722576428	-0.4655441787	-0.4802993728	0.2197628047	-0.4283586815	0.2232287921	0.2279467758	0.3119573756	0.2086935547	-0.4318770513	0.2797016482	-0.4470700808
