1.142649168	0.05820916204	-0.0177799349	0.02291223666	-0.001386802199	0.01261511411	0.05355460637	0.0406016977	-0.08184901155	-0.005938927604	0.1170251075	-0.1185835404	0.1643538533	-0.00952846924	0.07315155899	-0.01236663307	-0.1577970975	0.2080522689	-0.1167593191	0.005929894426	0.08577354532	0.07553574085	-0.09283769871	-0.1783854762	-0.1343980506	-0.121391486	0.1098703389	0.1367678896	-0.1556159815	0.1237523966	0.0101139637	0.06728282115	-0.0761922899	0.1995325681	0.02185275193	0.01702506425	0.01160898463	-0.1177443474	-0.02487083151	-0.01227416342	-0.1737811529	0.05495488622	-0.04836065619	-0.06883060072	0.2489989262	0.1346041419	-0.06810108128	0.070160975	-0.1746420543	0.2064314232	-0.0834870186	-0.06164775771	0.1359869609	0.1328587564	-0.1648737123	-0.009528055034	0.0534091302	0.03294199664	0.09753693151	-0.08976592809	-0.1292082246	0.05528443698	-0.1091745779	0.1709486645	-0.1532578968	-0.1517877634	-0.1640796519	-0.01404750347	-0.1589397661	-0.1577357884	-0.02497681768	0.003225417357	-0.1808992475	-0.1491926765	-0.1418157981	-0.08009958426	-0.1664679898	-0.07512100834	-0.07750676259	-0.01752559693	-0.05043132845	-0.07430952353	0.06373555581	0.1180772485	0.1388216691	-0.02085226855
0.05820916204	1.27285595	0.02015737324	0.0708319507	0.1553153046	0.04559397933	-0.06518280826	0.1435154934	-0.007239825753	-0.02547130077	-0.03326758861	-0.03392928543	0.01280607893	-0.0734777246	-0.01232462661	-0.002615717576	-0.02776833791	0.1257803675	-0.1307279473	-0.0936702339	0.02805376109	0.008181151578	-0.1057487648	-0.1319894679	-0.1150987742	-0.1053453847	0.2245617207	0.1009634465	-0.1175867292	-0.004943810053	0.02006693982	0.04998152081	-0.1189394417	0.1222880434	-0.05727795095	-0.04980530842	0.05894821463	-0.08191254698	0.004418755371	0.09230227738	-0.1341449309	-0.1284393243	-0.04321052318	-0.1049411867	0.2143136732	-0.02025671434	-0.125322114	0.3123598378	-0.07254863608	-0.004154517799	0.03897141469	0.01254300841	0.001576442075	0.1033468125	-0.1189095371	-0.02960505925	0.0213070036	0.09246894505	0.02103253081	-0.05106181735	-0.1130643409	0.03222531508	-0.1531607631	0.08588045594	-0.1327938791	-0.1318915052	-0.1454249065	0.005763879179	-0.1291424024	-0.1305153897	-0.03187967318	0.05929768686	-0.1312981086	-0.07180179208	-0.01004756808	-0.1348685595	-0.06154086318	-0.09594661737	-0.07379609803	0.07259843983	-0.02608648159	-0.05228459279	0.072529698	0.0495466637	0.15251598	-0.1106478003
-0.0177799349	0.02015737324	1.139928264	-0.08599897794	-0.09442428049	-0.02887359763	0.0007753035256	-0.06949337285	-0.03862217456	0.2388789734	0.1690140336	-0.1762934405	-0.1369507905	0.1208878884	-0.1912848067	0.1345471738	-0.1487398477	0.05132606627	-0.07641542609	0.006737967951	-0.1345515391	0.1527002143	0.06887837151	-0.1395281585	-0.06770876541	-0.0949619126	-0.06883283551	0.0959629645	-0.07226829731	0.1338016854	0.07736487231	-0.06486505256	0.06488832133	0.04821210079	0.1464121809	-0.04532850261	-0.03397105347	-0.1102935247	0.2263122188	0.05028818687	-0.1386582286	-0.06025868453	0.4416948077	0.1739676575	-0.01687990076	-0.1327655317	-0.1073417777	-0.04659408423	-0.1448637645	-0.06132651141	-0.167856223	0.01707299065	0.2483254621	0.09412685634	-0.1676289385	-0.05981611742	-0.01148881874	-0.03151997024	0.1654826998	-0.09575268832	-0.09670140902	-0.08960206054	0.0916401934	0.08661778943	-0.1518247097	-0.1543207744	-0.1260034703	0.1110141762	-0.07564307672	-0.1303419406	0.624060132	-0.1544591085	-0.04320323971	-0.1429887125	-0.1081418111	-0.0734877392	-0.1225665965	-0.06917088105	0.1198931092	-0.1567259811	-0.08262797069	-0.07190119607	-0.0335742924	-0.02740553151	-0.0398527585	-0.03048924383
0.02291223666	0.0708319507	-0.08599897794	1.053745576	-0.05031484448	-0.009305695978	0.1471577078	0.08282658976	-0.03643411125	-0.01829972137	-0.08480710232	-0.06299634076	-0.129829037	-0.03049942702	-0.1520901998	-0.04664866642	-0.08029802214	0.03564392769	-0.1389070674	-0.06423912217	-0.09648277085	-0.05554382325	-0.08812628331	-0.07676130028	-0.069134259	-0.07878782988	-0.07107320939	-0.002815673897	-0.08727732406	-0.02636899725	-0.008722352574	-0.05895250906	-0.1035344102	0.03899523948	0.08424814608	0.1878869324	-0.0245045921	-0.08847952867	-0.03804276107	0.02171388341	-0.03632595682	-0.05041152499	-0.08803228816	-0.0764073706	0.03951227863	-0.1238395369	-0.1256096764	-0.0477593555	-0.1040701397	-0.06631847484	0.007143003648	-0.06143314107	-0.02979403121	-0.01015446587	0.06543639028	0.09407399498	-0.006560440092	0.5309823326	-0.02918435631	0.1520648878	0.05064094523	0.6384769419	0.004980607464	-0.09341702085	-0.05083335922	-0.05122329625	-0.02341061876	-0.06865882317	-0.04113369798	-0.02216839033	-0.05754110918	-0.1300743352	-0.007642651572	-0.05279575734	0.03735741466	-0.1134655685	-0.1043051309	-0.0485078703	-0.009078724068	-0.009040872951	0.05109458121	-0.005626068416	0.367260326	-0.07001507012	-0.02062549371	0.01575468413
-0.001386802199	0.1553153046	-0.09442428049	-0.05031484448	1.05915868	-0.0779171553	-0.01060745529	0.169355727	-0.09901233832	-0.09997477484	-0.06471277921	0.005019708626	0.177791683	-0.1307811639	0.148497644	-0.1110995807	-0.09321590476	0.03283715311	-0.01286977789	-0.08306095642	0.09961737062	-0.1436473177	0.03321442085	0.0677523443	0.00687673533	0.01174378208	0.2151681309	-0.1269646793	-0.02608216669	-0.06545317154	-0.08516273381	0.0473076172	-0.1164455447	0.03310853157	0.0787551909	-0.08956515724	-0.06243875241	-0.01160095689	-0.1202560138	-0.05560687018	0.008451265094	-0.02396360703	-0.07301654815	0.0184713029	0.01942585699	0.118787111	-0.04098496794	0.2292751155	-0.08904411504	0.05719264204	0.04586565791	-0.06619516889	-0.09021649373	-0.1355038471	-0.03580901516	-0.1077713205	0.02655927437	-0.1033305729	-0.1331173131	-0.04486764933	-0.04932330244	-0.09290508451	-0.01768503501	0.000724798307	-0.02080603369	-0.02330809711	-0.01406978619	-0.1058151102	-0.07398439355	0.007691260254	-0.08314346266	0.1273401628	-0.02280050474	-0.05781489517	0.04208508255	-0.01915015844	-0.09050143323	0.0595212938	-0.05504930974	0.1102080166	-0.0152993288	0.02378232106	-0.08683734659	0.1651034363	0.3262531038	-0.123342646
0.01261511411	0.04559397933	-0.02887359763	-0.009305695978	-0.0779171553	1.025095494	-0.03494256284	-0.01655039757	0.2152116123	0.03743060564	0.02053677812	-0.08893480295	-0.07076611905	-0.005763787254	-0.1027504376	0.1811083995	-0.08092472683	-0.0228546547	-0.07329030841	-0.03527862513	-0.06147340762	0.1413868181	-0.08868714677	-0.1247767262	-0.09900035901	-0.07241288069	-0.02814448561	-0.007411027862	-0.07597806879	0.04378827694	0.6472458459	-0.04506911476	-0.06253894897	-0.02709431827	-0.01864171739	-0.08311343462	0.7820912369	0.05712356733	0.1138647114	0.1108194207	-0.08281503178	-0.07939020782	-0.05837491105	-0.08160546658	-0.06390162306	-0.04406693442	0.1530139094	0.03429476233	-0.1204602093	-0.01674780989	-0.0826362562	0.03899557733	-0.005490116673	-0.01254272964	-0.05623155418	-0.07403907553	-0.04985840747	-0.007187851681	0.04953931346	-0.04914894374	-0.1133309101	0.0073985102	-0.05804530751	0.01717581492	-0.04784906282	-0.04183297232	-0.1004783814	0.08946694322	-0.1083792352	-0.09996215084	-0.04255533636	-0.06212232455	-0.09898044003	-0.1051221979	-0.08742479437	-0.1254627976	-0.105559197	0.03908614407	-0.003876126641	-0.0937307306	-0.02197361407	-0.109975089	0.01270775672	0.01835599083	-0.09878185709	-0.04151242065
0.05355460637	-0.06518280826	0.0007753035256	0.1471577078	-0.01060745529	-0.03494256284	0.8672363586	-0.05383409196	-0.09008731274	0.04216811614	0.01365414568	-0.005914295771	-0.1212781408	0.09474909894	-0.05105236394	-0.05193321482	-0.0448747906	0.04675839416	0.02156177019	-0.02805199573	-0.09187921104	0.02262417384	-0.006036362529	-0.02432956448	-0.1007942115	-0.06507101121	-0.02042681882	0.06786184859	-0.04705440552	-0.000438723121	-0.05738162385	-0.0796086061	0.006784251901	0.04555940859	0.06573044951	-0.04547190523	-0.04088784874	-0.05253550697	-0.06330423959	0.05470256358	-0.07155043811	0.105890421	-0.01999389075	-0.001112084051	-0.0427692711	-0.1010214368	-0.05403484583	-0.05319843232	-0.05711614935	0.04057684221	-0.1150724983	-0.1000123786	0.01873791994	0.06743357614	-0.0210456274	0.2208640184	-0.0609114973	0.1135821519	-0.01057092466	0.04704707464	-0.08438993575	0.2106576573	0.116603787	-0.06678073375	-0.00604701628	-0.0007693990252	0.1183909734	-0.04583010679	-0.05159110651	0.1096436749	0.03400151775	-0.103547934	-0.03376972013	-0.001285877018	-0.09450618868	-0.04254453976	-0.08107522591	-0.08259119584	-0.01005512989	-0.1656405317	0.01362731436	-0.004735663207	0.02481213632	-0.06270402606	0.01914299719	0.08736261651
0.0406016977	0.1435154934	-0.06949337285	0.08282658976	0.169355727	-0.01655039757	-0.05383409196	1.279289021	-0.01881109913	-0.0835668357	-0.05397126465	-0.01356916597	0.08008710607	-0.1475070788	0.08551464949	-0.01533730742	-0.1136187736	0.08125168251	-0.09599832654	-0.07361493248	0.08139231196	-0.1050052013	-0.08283025514	-0.06124531459	-0.06413382877	-0.03514955493	0.07422368847	-0.05451016668	-0.07218571909	-0.0711438413	-0.02992689928	0.01957201666	-0.1164828714	0.08244666393	0.07960273555	-0.0759689918	-0.01338380445	-0.0972992145	-0.08250944819	0.009100325848	-0.1025728012	-0.07877645228	-0.08613508705	-0.06307280841	0.1202492588	0.037808827	-0.104279266	0.2532936348	-0.1035569628	0.04529814356	0.1591203884	-0.07296387806	-0.04927146655	-0.06051130911	-0.10241627	-0.08760213789	0.08609953054	-0.03648283442	-0.06072212416	-0.07011707502	-0.1052194368	-0.03493264769	-0.05953493352	0.06082966157	-0.1020693617	-0.1019607939	-0.1024017884	-0.04072380917	-0.09318357612	-0.1063692872	-0.08595946363	0.07085906825	-0.0595146916	-0.1125889937	-0.003362015205	-0.05053393406	-0.09741231039	0.01808897447	-0.03605252339	0.6401921438	0.1360121723	-0.05890676265	-0.03836557342	0.1126103054	0.1342768579	-0.09829854256
-0.08184901155	-0.007239825753	-0.03862217456	-0.03643411125	-0.09901233832	0.2152116123	-0.09008731274	-0.01881109913	0.998134658	-0.04200020768	-0.02002345623	0.2024222093	-0.08658776809	0.005365120174	-0.1050053341	0.3072466307	0.198169613	-0.02987372462	-0.0272733579	-0.02126676491	-0.07939197953	0.2900686428	-0.04937923801	-0.1078292961	-0.08359656796	-0.06285578434	-0.05200038013	-0.009824182575	-0.0434988156	-0.08076053582	0.1096943606	-0.0681817052	0.02301441017	-0.02523172635	-0.04309388713	-0.0208809372	0.2012345109	0.3815356652	0.02553908034	0.0803030609	-0.08372067587	-0.05955911848	-0.002003760299	-0.06855437752	-0.1158352352	-0.08192398971	0.1420672124	-0.06366334882	-0.1187730788	-0.06065990645	-0.09474744084	0.1055565	0.01417923869	-0.00988564024	0.01781005862	-0.04420026171	-0.09045074945	-0.05794190932	0.05953121304	-0.001490862791	-0.03099003669	-0.06271192201	0.01983980301	-0.1069804048	0.06998117129	0.06752580385	-0.06298928683	0.1615680264	0.01222443998	-0.05723637899	-0.04570293985	-0.0681899201	-0.0200660798	-0.08701925308	-0.08470547349	-0.06255203657	-0.1147096943	-0.0162821855	0.001498863141	-0.1032184768	-0.03581725435	-0.1122064337	-0.0004680327181	-0.07279030675	-0.08733601168	-0.09372789857
-0.005938927604	-0.02547130077	0.2388789734	-0.01829972137	-0.09997477484	0.03743060564	0.04216811614	-0.0835668357	-0.04200020768	1.06655929	0.1261252177	-0.1334277096	-0.1834006435	0.2777894911	-0.1706602069	0.0396806308	-0.1230042778	-0.04520817663	-0.03741862745	0.02020921671	-0.1697787615	0.1971359378	0.07657989972	-0.00487317859	-0.1101829252	-0.05864030705	-0.1108417915	0.07949287076	-0.07393282369	0.167187034	0.09831305601	-0.08733488487	0.1532485655	-0.05074899914	0.1328764874	-0.07709053471	0.03250283387	-0.1249709505	0.0828161999	0.09122027962	-0.01744902815	-0.06390168482	0.231563295	0.103189713	0.126796925	-0.181292316	-0.1340316813	-0.04187471225	-0.1351690914	-0.1013535462	-0.02746821653	-0.1033812161	0.2255613948	0.07753636398	-0.1639660773	0.05557593024	-0.009940631676	-0.04332786406	0.1838891643	-0.1180089739	-0.1709417791	-0.03447749256	0.1829182788	0.1675488426	-0.1259832181	-0.124635162	-0.066966054	0.03132800221	-0.1028447992	-0.1257000771	0.3218639965	-0.1597192163	-0.06335850456	-0.1169395223	-0.09779821431	-0.00518285679	-0.1126906874	0.02094218402	-0.03956015279	-0.09438118987	-0.123840004	-0.05815814033	-0.04082014171	-0.05812131864	-0.130956411	0.1420777517
0.1170251075	-0.03326758861	0.1690140336	-0.08480710232	-0.06471277921	0.02053677812	0.01365414568	-0.05397126465	-0.02002345623	0.1261252177	1.044962439	-0.1392858253	-0.04691428123	0.0348721307	-0.1094549855	-0.0413042717	-0.114345622	0.0637742764	-0.04612871287	0.04509960044	-0.1297741183	0.1693864489	0.03998862744	-0.1516615996	-0.08891447394	-0.08303082343	-0.08663399602	0.1440814429	-0.09252127854	0.3374195351	-0.03233381604	-0.08165873842	0.005399522076	0.07961587707	0.06871631328	0.004198705277	0.009656035975	-0.05729528153	0.02986593189	0.04242464352	-0.1611084512	0.08582741561	0.1870745593	0.004339852952	0.03045073472	-0.1094822262	0.01070195698	-0.05662671243	-0.111637638	-0.03584801374	-0.1669822384	-0.03817719105	0.2944866904	0.1422778276	-0.128272434	-0.01483863516	0.05361212676	0.01998796524	0.1448662659	-0.1174367912	-0.1021614792	-0.03436519343	-0.001921054631	0.1496195156	-0.09257959838	-0.09511820282	-0.1017024062	-0.0125972936	-0.05414063062	-0.1120657652	0.1497465218	-0.09633086101	-0.116347834	-0.1398360573	-0.07729853776	-0.04735788311	-0.1161457411	0.01020492886	0.03465987366	-0.138150209	-0.1082148529	0.0005510433815	0.005500126016	-0.02464148453	-0.0225619519	0.102263166
-0.1185835404	-0.03392928543	-0.1762934405	-0.06299634076	0.005019708626	-0.08893480295	-0.005914295771	-0.01356916597	0.2024222093	-0.1334277096	-0.1392858253	0.9716698303	0.007512847733	-0.0719014833	0.09227017396	-0.127942549	0.3930786145	-0.06694268042	0.04982537214	-0.03814253385	-0.01004843796	-0.1202296508	0.01634038878	0.01872693852	0.03124134918	0.07841650738	-0.00430022578	-0.08060198848	0.06548138293	-0.1285287173	-0.05990417185	0.06212936426	-0.04329190182	-0.06879134442	-0.06884961002	0.008099796546	-0.09514962839	0.3364598428	-0.142551146	-0.09790204472	0.08128631587	-0.07393954958	-0.1076788236	-0.1237287634	0.003655883748	-0.04100401833	0.03209894882	-0.01358470809	0.1525095274	-0.05864877316	0.05459239598	0.03906275182	-0.144054601	-0.08793291442	0.04881955802	-0.06090603393	-0.03646482775	-0.08458814522	-0.1333075784	0.0005447546958	0.06837964816	-0.08817352658	-0.08670269835	-0.07860273817	-0.03576670224	-0.03674185775	0.0285220027	-0.1185913454	0.1237178758	0.02114377786	-0.1386142513	0.07121565018	0.1642260535	0.04390438152	0.0423882285	0.04181784742	0.1049501619	0.0334694609	-0.09395099394	0.06099113406	0.2476007838	-0.08435914305	0.0178602518	-0.03010937114	-0.05841345543	-0.007574380361
0.1643538533	0.01280607893	-0.1369507905	-0.129829037	0.177791683	-0.07076611905	-0.1212781408	0.08008710607	-0.08658776809	-0.1834006435	-0.04691428123	0.007512847733	1.09257377	-0.1741838718	0.2177229782	-0.11314439	-0.09026996282	0.13726275	-0.0840875707	-0.08067847764	0.5766593381	-0.1150295568	-0.0413888002	-0.07498086549	-0.0194423481	0.03584332684	0.07438372092	-0.04032653858	-0.04545711394	-0.0427696445	-0.1006783012	0.03227109802	-0.1366472488	0.1413316804	-0.04931721665	-0.09075669928	-0.06628661475	-0.1089417056	-0.1346867204	-0.0777029682	-0.09194985709	0.03060392388	-0.1139152296	-0.02160305147	0.1449185294	0.6481185349	-0.01117970891	0.2401066048	-0.06656619488	0.1714426197	0.0660831995	-0.04364324119	-0.1098800411	-0.04416484272	-0.09917782181	-0.1171623245	0.01922912157	-0.1052673895	-0.1239395876	-0.09234271586	-0.09206836116	-0.1182887683	-0.0799665071	0.06086660256	-0.1170535157	-0.1190331126	-0.1099936444	-0.118407429	-0.083643301	-0.09916416465	-0.1403860186	0.08483971064	-0.09241917264	-0.1069506045	-0.009634451309	0.03112335545	-0.05700783251	0.00849831246	-0.0681382338	0.116935557	0.03666683642	-0.05004215631	-0.1454046848	0.43025435	0.4032820678	-0.1326721975
-0.00952846924	-0.0734777246	0.1208878884	-0.03049942702	-0.1307811639	-0.005763787254	0.09474909894	-0.1475070788	0.005365120174	0.2777894911	0.0348721307	-0.0719014833	-0.1741838718	1.110728451	-0.1055437349	0.04926828904	-0.07828829417	-0.01474668053	0.02822675654	0.2125266215	-0.12873423	0.1092879282	-0.04949925612	-0.08003744201	-0.1337593457	-0.1378987408	-0.05982305874	0.1261626114	-0.09396659834	0.06080549152	-0.002226503815	0.1225883067	0.4111816944	-0.007662757907	-0.03994939512	0.0805913911	-0.003467288866	-0.05917214334	0.02439550832	0.1190186499	-0.08854145093	-0.04939769448	0.2139561895	-0.05743224664	0.08309427944	-0.1255412624	-0.1130751396	-0.1068399027	-0.1334960222	-0.1114125246	-0.1344815417	-0.00334023665	0.1132303243	0.1272533064	-0.09068923911	0.005847242129	-0.03677163021	0.04683057923	-0.02673491677	-0.05468664271	0.002516535905	-0.03183543567	0.01647354833	0.09565110179	-0.09054808013	-0.08595972002	-0.07163046568	0.02665009239	0.03452716165	-0.09169331459	0.1214269361	-0.1386829185	0.1121984685	-0.102316885	-0.1536109075	-0.08740870472	-0.1136818724	-0.09354997434	-0.04613466641	-0.1815468801	-0.1309203564	-0.07769930986	0.1005659203	0.1339818808	-0.1361395019	0.1815689247
0.07315155899	-0.01232462661	-0.1912848067	-0.1520901998	0.148497644	-0.1027504376	-0.05105236394	0.08551464949	-0.1050053341	-0.1706602069	-0.1094549855	0.09227017396	0.2177229782	-0.1055437349	0.9477603467	-0.1384219185	0.004057436874	0.02768125483	0.08043179222	-0.0006117265468	0.1932684268	-0.1291695192	0.02523973304	0.1266722682	0.0002623266973	0.07053599839	0.1307576158	-0.1064852748	0.01926739953	-0.1254721251	-0.1052846497	0.06323765228	-0.04771094152	0.02165291686	-0.05064112582	-0.06950770135	-0.08864344379	0.02468338232	-0.09193623017	-0.1305872615	0.1151575076	-0.003179202874	-0.1575352217	-0.04194303117	0.01720478413	0.1771843751	0.07576056995	0.02013045012	0.06024016447	0.09171887596	0.09537666416	0.004148690393	-0.1336484432	-0.1106173849	-0.01605869214	-0.1116312465	-0.01387731244	-0.1483148418	-0.1235742944	-0.04870206819	0.03396128301	-0.1631576585	-0.1103286261	-0.02783667629	-0.0231509445	-0.02586788919	0.003412317006	-0.126598803	0.03817824785	0.00546210529	-0.1766369126	0.307620571	0.03504770791	-0.001519891388	0.08294453309	0.04067385779	0.06181203011	0.02188241139	-0.1149014949	0.1102907878	0.01016010486	0.03567166688	-0.09302397322	0.07235311277	0.09462511297	-0.1069402639
-0.01236663307	-0.002615717576	0.1345471738	-0.04664866642	-0.1110995807	0.1811083995	-0.05193321482	-0.01533730742	0.3072466307	0.0396806308	-0.0413042717	-0.127942549	-0.11314439	0.04926828904	-0.1384219185	1.106402373	-0.0856234486	-0.009600775026	-0.07836886327	-0.07026756068	-0.08318058556	0.3803902206	-0.09615080979	-0.1688597427	-0.101084074	-0.08522112977	-0.02150780554	-0.0338949994	-0.108810702	0.1043165544	0.172335168	0.05658586169	-0.03088933216	-0.0004769920908	-0.03989051937	-0.0304655261	0.1812241904	-0.03083577058	0.4447151136	0.1427599296	-0.1493858169	-0.1054039673	0.0006645110423	-0.05531449055	-0.03297911372	-0.1122715152	0.08553127431	-0.01625474398	-0.1183622566	-0.09800628829	-0.132172225	0.1179612901	0.02200574549	-0.02580017031	-0.1265073757	-0.07607436205	-0.06588025324	-0.06385980075	0.2463248712	-0.09091161735	-0.1289344791	-0.04221269685	-0.05420930045	0.2293860465	-0.03447657601	-0.03487775222	-0.1693405173	0.8617715445	-0.08520427828	-0.1557167336	0.0469068493	-0.1187016084	-0.1267638582	-0.1409646299	-0.101230216	-0.13510054	-0.1153008306	-0.08183720305	0.01349828059	-0.08692365528	-0.05856042348	-0.1209124858	0.02874939956	-0.0004457331499	-0.06280575271	-0.0937341948
-0.1577970975	-0.02776833791	-0.1487398477	-0.08029802214	-0.09321590476	-0.08092472683	-0.0448747906	-0.1136187736	0.198169613	-0.1230042778	-0.114345622	0.3930786145	-0.09026996282	-0.07828829417	0.004057436874	-0.0856234486	0.8760749751	-0.1531939233	0.01996083908	0.002801793745	-0.073385156	-0.1118341327	-0.007563654466	0.03114167309	0.08613985786	0.08181457841	-0.09895781059	-0.07947171283	0.04813584354	-0.1834363008	-0.05051626324	0.007740379354	-0.01169675023	-0.1526704487	-0.07930784273	0.002188466164	-0.08158593067	0.3413641706	-0.103336373	0.03841738067	0.133974097	0.008375160046	-0.08986470401	-0.06558069331	-0.1406087533	-0.0706891103	0.04118098651	-0.1200002883	0.4422628895	-0.146558091	0.02086899279	0.09079280249	-0.1086944217	-0.08362519672	0.1336074734	-0.02209407139	-0.09112302285	-0.09338540054	-0.1489376852	0.05200647359	0.1315204249	-0.1016762288	-0.05916481994	-0.1836190522	0.03925769431	0.04159321761	0.1091493882	-0.07146436677	0.05585596788	0.121272697	-0.1116045356	0.01394568152	0.08037209328	0.2584115189	0.1174492621	0.096268607	0.3809201309	0.03439553511	-0.06049884682	-0.01805177358	0.003248521054	-0.02833072778	-0.01594070535	-0.1361636762	-0.1137846464	-0.03062901339
0.2080522689	0.1257803675	0.05132606627	0.03564392769	0.03283715311	-0.0228546547	0.04675839416	0.08125168251	-0.02987372462	-0.04520817663	0.0637742764	-0.06694268042	0.13726275	-0.01474668053	0.02768125483	-0.009600775026	-0.1531939233	1.244300486	-0.1418249635	-0.0882318636	0.1867050028	0.03001865358	-0.1349158817	-0.1809308967	-0.1593741981	-0.158653558	0.1439284779	0.04519100984	-0.166042423	0.1241366609	-0.09080712613	0.0156997963	-0.1263558343	1.159449227	-0.08114300811	-0.02352067112	-0.0236592807	-0.0984107298	0.02229796566	0.03499911708	-0.191468019	-0.009562268478	-0.05511398837	-0.1300866911	0.27006588	0.06727213666	-0.09806754972	0.1442155987	-0.1587134671	0.2042290548	-0.006468523565	-0.06841948041	0.0755307069	0.03926338255	-0.1672392571	-0.07035931213	-0.03957363515	-0.003847128723	0.1552244716	-0.1563735111	-0.1726199478	0.0212045216	-0.1001864722	0.1733549533	-0.1570661071	-0.1589777153	-0.1572894209	-0.01305279718	-0.1843842083	-0.1555617175	0.02951442673	-0.02704836057	-0.1680270866	-0.1532958982	-0.1477860193	-0.1400649106	-0.1491495073	-0.1297189952	-0.1181938629	0.03672751466	-0.0600627133	-0.08377474937	0.06724995121	0.1241116086	0.115598394	-0.09281276751
-0.1167593191	-0.1307279473	-0.07641542609	-0.1389070674	-0.01286977789	-0.07329030841	0.02156177019	-0.09599832654	-0.0272733579	-0.03741862745	-0.04612871287	0.04982537214	-0.0840875707	0.02822675654	0.08043179222	-0.07836886327	0.01996083908	-0.1418249635	0.7575712865	0.08404138647	-0.06196987612	-0.08914841013	0.1190810351	0.1533158213	0.0704185136	0.09593122419	0.035195007	-0.07410951614	0.1808157702	-0.1105234679	-0.1025853816	-0.01137754452	0.1236238271	-0.1356323663	-0.006828255333	-0.02327684418	-0.07939139927	0.02796932428	-0.06403286145	-0.0358684838	0.1794202806	0.009025648228	-0.09501872153	0.09510673358	-0.1734672967	-0.004797174688	0.1024857792	-0.1597266797	0.1494780139	-0.07891569572	0.03502778117	-0.03177399998	-0.1198850775	-0.07356492142	0.0792935202	-0.01592651684	-0.06355776927	-0.1180878919	-0.105411614	0.001470368785	0.05572022869	-0.1240760535	0.04982308239	-0.1568870907	0.0792953219	0.08182852632	0.05519908264	-0.08820636029	0.08499857021	0.06087453694	-0.120464426	0.07843515974	0.1171596905	0.08260760182	0.09267815553	0.08824031559	0.1234395293	0.02502316547	0.004727049325	-0.02061098488	-0.001330671426	0.05523305405	-0.09209935733	-0.08649280789	-0.08205196131	0.03260682558
0.005929894426	-0.0936702339	0.006737967951	-0.06423912217	-0.08306095642	-0.03527862513	-0.02805199573	-0.07361493248	-0.02126676491	0.02020921671	0.04509960044	-0.03814253385	-0.08067847764	0.2125266215	-0.0006117265468	-0.07026756068	0.002801793745	-0.0882318636	0.08404138647	0.8786533782	-0.04690523086	0.0484136307	-0.008586381367	-0.01628598057	-0.03574541008	-0.07434963934	-0.04323554614	-0.03649476493	-0.01217633046	0.03521449103	-0.05969620392	0.1030938852	0.4108872557	-0.07720327084	-0.05830158535	0.029797144	-0.03787397723	-0.009615357348	-0.06919157301	-0.04674546353	-0.02058351717	0.07074029483	-0.03905550057	-0.02616679523	-0.04242230665	-0.01908718363	0.02638827742	-0.1518877466	-0.05378237003	0.02070811166	-0.006885210435	8.257452362e-05	0.1376976256	-0.03414062968	-0.01122343176	0.02320240385	0.01590716874	-0.07272522853	0.02740978229	-0.03176468736	0.08306085989	-0.05978262101	0.01969281751	0.01565992063	-0.04785093649	-0.047944959	-0.02707536509	-0.08192116741	0.03360227742	-0.03561716073	0.002670789435	0.003175934386	0.007712880912	-0.02438836401	-0.05030507259	-0.03377478896	-0.02702179288	-0.009237860032	-0.02996208489	-0.08209409769	-0.1019400705	-0.007141634463	-0.03798993855	-0.07691454998	-0.05376303111	0.282853626
0.08577354532	0.02805376109	-0.1345515391	-0.09648277085	0.09961737062	-0.06147340762	-0.09187921104	0.08139231196	-0.07939197953	-0.1697787615	-0.1297741183	-0.01004843796	0.5766593381	-0.12873423	0.1932684268	-0.08318058556	-0.073385156	0.1867050028	-0.06196987612	-0.04690523086	1.058430774	-0.1040511847	-0.0462404404	-0.07584671765	-0.03023155329	0.01625040008	0.09723834085	-0.1102241174	-0.05175728121	-0.1180065191	-0.08246667788	0.04442441764	-0.1093040172	0.1972360215	-0.039233395	-0.09192049777	-0.05518319206	-0.06613295327	-0.09823596669	-0.1323278073	-0.08020620887	-0.03267793305	-0.1522766889	-0.05578107247	0.1712951454	0.5715625353	-0.05636043698	0.2411136918	-0.05946282494	0.1954426956	0.1201427829	-0.03348211531	-0.1270872747	-0.1091027854	-0.04646660524	-0.07837888673	0.005862744908	-0.1109785444	-0.09752619361	-0.02646933362	-0.06281730037	-0.08729042912	-0.08034982445	0.03822069792	-0.07709196487	-0.07725627511	-0.06218294755	-0.06519038268	-0.05507277602	-0.04877656001	-0.1356131643	0.04908745466	-0.1208621332	-0.07088818047	-0.05910587904	-0.05521685382	-0.04022661293	-0.02194531286	-0.04897981966	0.08762274157	0.05133493683	-0.05735472654	-0.1108037584	0.3327986985	0.391301846	-0.138836251
0.07553574085	0.008181151578	0.1527002143	-0.05554382325	-0.1436473177	0.1413868181	0.02262417384	-0.1050052013	0.2900686428	0.1971359378	0.1693864489	-0.1202296508	-0.1150295568	0.1092879282	-0.1291695192	0.3803902206	-0.1118341327	0.03001865358	-0.08914841013	0.0484136307	-0.1040511847	1.113010486	-0.1211386023	-0.2200801478	-0.1598704449	-0.1607456712	-0.07481339358	0.1344159139	-0.1824073757	0.182348074	0.1355634111	-0.05847516582	0.05804076524	0.04303534366	-0.08891552005	-0.05468057739	0.1398262345	-0.01693304105	0.1067330802	0.03794321819	-0.2048987896	-0.03957157856	0.07203939877	-0.1250683689	0.03866804767	-0.1148139047	0.1304701204	-0.04539354588	-0.1864465871	-0.05796362591	-0.1749717257	-0.03795847369	0.5815642277	0.1401509072	-0.1181995426	-0.01261983958	0.06865369218	0.01867891546	0.4077095867	-0.1204150119	-0.1195186222	6.523432864e-05	-0.03177294157	0.1080133492	-0.02199094547	-0.02205104158	-0.1539935906	0.2698443149	-0.07923449649	-0.1474431172	0.1144379129	-0.1674972822	-0.1508529635	-0.1526529336	-0.189951334	-0.1259587675	-0.1793902673	-0.1239830802	-0.05571119428	-0.1845453816	-0.1400428935	-0.09395928769	0.05306939433	-0.0434384576	-0.08337942297	0.03799656122
-0.09283769871	-0.1057487648	0.06887837151	-0.08812628331	0.03321442085	-0.08868714677	-0.006036362529	-0.08283025514	-0.04937923801	0.07657989972	0.03998862744	0.01634038878	-0.0413888002	-0.04949925612	0.02523973304	-0.09615080979	-0.007563654466	-0.1349158817	0.1190810351	-0.008586381367	-0.0462404404	-0.1211386023	0.8077489575	0.06998265269	0.05433288042	0.008614132073	-0.02027147437	-0.0760004196	0.0318871313	-0.08401007599	-0.07986467719	-0.05064788855	0.0324440482	-0.1378563265	0.1736762525	-0.04255036549	-0.1001076634	0.03157452142	-0.04975516314	-0.09100418851	0.0838318326	-0.02560592094	0.0326118373	0.2046052897	-0.1172427098	-0.009714834982	0.07061937074	-0.09178108417	0.02449953966	-0.07603143831	0.04204526868	-0.0386601869	-0.04266833567	-0.08738298455	0.03386764035	-0.04567508587	-0.04895505576	-0.11269688	-0.1044432539	-0.05340771036	0.02503800588	-0.1232766496	0.1809268212	-0.1201445579	0.02279374982	0.01970539868	0.08037054669	-0.05828064381	0.04216965106	0.04709397581	0.06349926589	0.05929801129	0.04791442438	0.005492646326	0.06380391699	0.1263847879	0.01767500556	0.08298105321	0.04678287361	0.0176763288	0.0006379611318	0.08383805287	-0.08772744836	-0.04743481914	-0.0513491905	-0.02206969978
-0.1783854762	-0.1319894679	-0.1395281585	-0.07676130028	0.0677523443	-0.1247767262	-0.02432956448	-0.06124531459	-0.1078292961	-0.00487317859	-0.1516615996	0.01872693852	-0.07498086549	-0.08003744201	0.1266722682	-0.1688597427	0.03114167309	-0.1809308967	0.1533158213	-0.01628598057	-0.07584671765	-0.2200801478	0.06998265269	0.8694836916	0.174348821	0.1864429787	-0.02125235353	-0.1507188853	0.3679039559	-0.1720739494	-0.07205058165	-0.04007909972	0.01356715439	-0.1667794824	0.04490989311	-0.02472467646	-0.112041953	-0.02318848938	-0.1061986401	-0.08087817103	0.3965715884	-0.08921712326	-0.08785063622	0.1184831722	-0.1745472584	-0.04796092367	0.050465477	-0.09742171206	0.1873974199	-0.05923648796	0.1311083957	-0.09273402677	-0.1876641266	-0.1434108862	0.09891973574	0.09251522222	0.008777509122	-0.1357977694	-0.1986470894	0.08911916862	0.05978294419	-0.1443017158	-0.0221404839	-0.1717250439	0.06639471336	0.06629932727	0.129059478	-0.170671864	0.01101872865	0.09287470982	0.003517286852	0.1277118781	0.1434441831	0.08863022802	0.1764880161	0.08323132561	0.1661274412	0.06718800944	0.008051807755	0.059073662	0.004609007368	0.302026385	-0.1201061436	-0.08241131155	-0.04903027757	-0.08987197583
-0.1343980506	-0.1150987742	-0.06770876541	-0.069134259	0.00687673533	-0.09900035901	-0.1007942115	-0.06413382877	-0.08359656796	-0.1101829252	-0.08891447394	0.03124134918	-0.0194423481	-0.1337593457	0.0002623266973	-0.101084074	0.08613985786	-0.1593741981	0.0704185136	-0.03574541008	-0.03023155329	-0.1598704449	0.05433288042	0.174348821	0.8074448294	0.2754416007	-0.07121835251	-0.1249221526	0.1969547804	-0.1182341869	-0.05477361851	-0.03247481142	-0.03419882449	-0.1561006001	-0.006860514695	0.007848588199	-0.1001366991	-9.462278071e-05	-0.1011451167	-0.08901188422	0.1975433299	0.04649971602	0.04988590286	0.06208910707	-0.146363054	0.006333874586	0.02158336204	-0.09734690101	0.1394409978	-0.07103769254	0.02553989486	-0.02210565158	-0.1292036002	-0.1333910692	0.06073359508	-0.01075088772	0.006211910733	-0.09943716391	-0.1418112424	-0.02195016742	0.1380535227	-0.1074115594	0.0113038363	-0.1442589698	0.09928134705	0.09804117017	0.1158799377	-0.0759252447	0.1497357898	0.1096906975	-0.03658823499	-0.002960329854	0.02636471803	0.07709617022	0.09446225477	0.08990955461	0.1091326132	0.04130852979	0.1156147771	0.03319088371	0.07917811928	0.1641217526	-0.1091244424	-0.06506616644	-0.03459913427	0.03143483727
-0.121391486	-0.1053453847	-0.0949619126	-0.07878782988	0.01174378208	-0.07241288069	-0.06507101121	-0.03514955493	-0.06285578434	-0.05864030705	-0.08303082343	0.07841650738	0.03584332684	-0.1378987408	0.07053599839	-0.08522112977	0.08181457841	-0.158653558	0.09593122419	-0.07434963934	0.01625040008	-0.1607456712	0.008614132073	0.1864429787	0.2754416007	0.8516832231	-0.05950024813	-0.08167714674	0.3034875887	-0.1270116694	-0.03698278531	-0.1150221154	-0.06746131818	-0.1478736147	0.05860919105	-0.03711702917	-0.07940920215	-0.04477894508	-0.05787214339	-0.117920933	0.1918461464	0.03818607043	-0.02334866331	0.100960997	-0.1236839222	0.02102209729	-0.002096869387	-0.03453416888	0.1495927279	-0.06122402677	0.009426692738	-0.04481990999	-0.1084709916	-0.0782879635	-0.04681891923	0.002783699278	-0.007768127752	-0.08520663599	-0.131913105	-0.008795276784	-0.01189036074	-0.08261155685	-0.02436912192	-0.1340697135	0.003912674364	0.005968671052	0.0382603167	-0.06729195858	0.1295994075	0.02828240476	-0.07375049122	0.03534339689	0.06177969077	0.03600275156	0.1023728848	0.04586507794	0.12405927	0.09884485135	0.1469086877	0.01855658278	0.1397545052	0.1149863433	-0.1218595486	-0.1060528874	-0.05238404716	0.07926065166
0.1098703389	0.2245617207	-0.06883283551	-0.07107320939	0.2151681309	-0.02814448561	-0.02042681882	0.07422368847	-0.05200038013	-0.1108417915	-0.08663399602	-0.00430022578	0.07438372092	-0.05982305874	0.1307576158	-0.02150780554	-0.09895781059	0.1439284779	0.035195007	-0.04323554614	0.09723834085	-0.07481339358	-0.02027147437	-0.02125235353	-0.07121835251	-0.05950024813	1.11844728	-0.1316767686	-0.08465004103	-0.02223514231	-0.04015463623	0.07360088708	-0.05595174011	0.1354006594	-0.1134958269	-0.02017363633	-0.01452693065	-0.04178712138	0.01389271557	-0.04100937046	-0.01960660683	-0.09781337889	-0.1214898437	-0.0444328562	0.1852312022	0.07339162476	0.02329712203	0.2858534102	-0.042091904	0.05095138907	0.123276105	-0.01923975507	-0.06927669533	-0.1330586988	-0.05857033785	-0.1290488401	-0.05591273449	-0.05790888582	-0.005940904983	-0.03741618075	-0.05690427113	-0.02924367739	-0.1498441361	0.06833949698	-0.07188512053	-0.07067163379	-0.09673923434	-0.024831224	-0.08141634113	-0.0854385041	-0.08476281453	0.06673276453	-0.007330959577	-0.07854165579	-0.005122802343	-0.08651428222	-0.05115009459	-0.06108816874	-0.09272429717	0.06057214936	-0.005446085079	-0.04361040361	-0.002096831858	0.04369566015	0.1892470797	-0.06159142678
0.1367678896	0.1009634465	0.0959629645	-0.002815673897	-0.1269646793	-0.007411027862	0.06786184859	-0.05451016668	-0.009824182575	0.07949287076	0.1440814429	-0.08060198848	-0.04032653858	0.1261626114	-0.1064852748	-0.0338949994	-0.07947171283	0.04519100984	-0.07410951614	-0.03649476493	-0.1102241174	0.1344159139	-0.0760004196	-0.1507188853	-0.1249221526	-0.08167714674	-0.1316767686	1.069854274	-0.1171770902	0.1184372076	-0.0287195773	-0.09818074205	-0.05454151514	0.009357729333	0.01214120322	-0.01563280613	-0.02929032868	-0.06808114099	-0.02454576589	0.006711346829	-0.1499154653	0.02172408219	0.1083671344	-0.01074470436	0.06501242583	-0.06315938684	-0.04693676507	-0.04427697079	-0.1217507057	-0.0169636482	-0.18221927	0.0162420188	0.121244454	1.008562931	-0.1349831507	0.1869113301	-0.03192051706	0.3252779116	0.04336622246	-0.05690805747	-0.03541934635	0.1295669509	0.0005147419049	-0.0439316039	-0.1286764551	-0.1253937706	-0.1701645243	-0.06624102969	-0.05215435618	-0.1693203474	0.16184783	-0.136740568	-0.1169503704	-0.1326738918	-0.1174013816	-0.03644592421	-0.1044989366	-0.02933729807	0.004637114556	-0.08067973821	-0.07328155319	-0.00220981174	0.04722027294	-0.03176406823	-0.04438675664	-0.06614782372
-0.1556159815	-0.1175867292	-0.07226829731	-0.08727732406	-0.02608216669	-0.07597806879	-0.04705440552	-0.07218571909	-0.0434988156	-0.07393282369	-0.09252127854	0.06548138293	-0.04545711394	-0.09396659834	0.01926739953	-0.108810702	0.04813584354	-0.166042423	0.1808157702	-0.01217633046	-0.05175728121	-0.1824073757	0.0318871313	0.3679039559	0.1969547804	0.3034875887	-0.08465004103	-0.1171770902	0.8855119052	-0.1297143245	-0.01870908148	-0.07060267738	-0.01577494315	-0.1609461226	0.04799698569	-0.01406977123	-0.06672638519	-0.0768328694	-0.06356960354	-0.08206673408	0.2181928247	-0.00911593244	0.05109988562	0.2494945015	-0.1762124894	-0.01997152398	0.03628784977	-0.1056925659	0.2421156069	-0.09837784597	0.02672101119	-0.03160908029	-0.1715312436	-0.115369055	0.06185588686	0.02062111383	-0.03455000305	-0.1056647561	-0.1689559502	0.04202244019	-0.02759798833	-0.1226343922	0.05935956396	-0.1782267461	-0.02891919635	-0.03211817953	-0.01111559155	-0.1229385535	0.01767524043	-0.03359237942	0.07607587645	0.006112976087	0.06867985282	0.0473422808	0.1274528109	0.008162709881	0.1640308377	0.05691993431	0.120036476	-0.002441718495	0.1684450698	0.1992850728	-0.1090016018	-0.08920960751	-0.02128461409	0.02615752732
0.1237523966	-0.004943810053	0.1338016854	-0.02636899725	-0.06545317154	0.04378827694	-0.000438723121	-0.0711438413	-0.08076053582	0.167187034	0.3374195351	-0.1285287173	-0.0427696445	0.06080549152	-0.1254721251	0.1043165544	-0.1834363008	0.1241366609	-0.1105234679	0.03521449103	-0.1180065191	0.182348074	-0.08401007599	-0.1720739494	-0.1182341869	-0.1270116694	-0.02223514231	0.1184372076	-0.1297143245	1.12556101	0.06064062002	-0.02687463561	-0.02660586092	0.1260171298	-0.02299552502	-0.02057667515	0.2074826027	-0.1299315551	0.2309134205	0.04774308091	-0.19156412	0.075735565	0.1141708404	-0.01157830171	0.1126561516	-0.09937767273	-0.06149534658	0.01626656194	-0.1774487332	0.005020692723	-0.1668952674	0.1309223409	0.3508881153	0.1140697239	-0.1973751641	-0.05290307082	0.1636679295	0.02870706438	0.2545123864	-0.1746526524	-0.1444900463	-0.0001028738595	-0.07067272419	0.3358961938	-0.1759818157	-0.1760335907	-0.1682738355	0.1414462618	-0.1049221076	-0.1786423147	0.1262220394	-0.1152541398	-0.1273002848	-0.1967536388	-0.1556585808	-0.1020113167	-0.1764796256	-0.0553134047	-0.01941623512	-0.1332038648	-0.1353014861	-0.09272816803	0.02541039746	0.01422476885	-0.01895094207	0.07950847469
0.0101139637	0.02006693982	0.07736487231	-0.008722352574	-0.08516273381	0.6472458459	-0.05738162385	-0.02992689928	0.1096943606	0.09831305601	-0.03233381604	-0.05990417185	-0.1006783012	-0.002226503815	-0.1052846497	0.172335168	-0.05051626324	-0.09080712613	-0.1025853816	-0.05969620392	-0.08246667788	0.1355634111	-0.07986467719	-0.07205058165	-0.05477361851	-0.03698278531	-0.04015463623	-0.0287195773	-0.01870908148	0.06064062002	1.01325786	-0.08361137798	-0.06098670236	-0.08959697384	0.002681993433	-0.06055096856	0.6640161176	-0.03203606675	0.1128368235	0.04136742221	-0.0381055993	-0.09632114081	0.08708071634	-0.009435921263	-0.06298773249	-0.07731806997	0.09424630034	0.02404001143	-0.08575619867	-0.06381832788	-0.04129827074	0.03177158966	-0.01972556065	-0.02721045439	-0.09740777077	-0.02375642784	-0.009718150457	-0.01867212023	0.01567533465	-0.04877839985	-0.1131632426	-0.01118885151	-0.04228158065	5.552536233e-05	-0.07093061016	-0.06393515788	-0.1184760668	0.09231088567	-0.1209677601	-0.1201927148	0.1222766751	-0.1046351704	-0.1084831278	-0.06374279372	-0.09117638257	-0.1142048165	-0.06829157777	0.07666602141	0.03968522894	-0.04192540518	0.03794895333	-0.08295179091	-0.02489429519	-0.01354845949	-0.1177450422	-0.04848095259
0.06728282115	0.04998152081	-0.06486505256	-0.05895250906	0.0473076172	-0.04506911476	-0.0796086061	0.01957201666	-0.0681817052	-0.08733488487	-0.08165873842	0.06212936426	0.03227109802	0.1225883067	0.06323765228	0.05658586169	0.007740379354	0.0156997963	-0.01137754452	0.1030938852	0.04442441764	-0.05847516582	-0.05064788855	-0.04007909972	-0.03247481142	-0.1150221154	0.07360088708	-0.09818074205	-0.07060267738	-0.02687463561	-0.08361137798	1.119305342	0.1302910799	0.02013293663	-0.138014346	-0.001527265269	-0.05330736148	-0.02154199472	0.07559461331	0.03479350088	-0.03661898231	-0.07531020198	-0.0685772112	-0.1483927656	0.1275742541	0.03406001467	-0.0526777906	-0.0101472342	-0.02700141332	0.003109297065	0.1411712317	0.05143834372	-0.06534494761	-0.09377828927	-0.03541050504	-0.1295531453	0.01436596901	-0.0411507283	-0.04406882233	-0.05995543109	0.03437783938	-0.06634158534	-0.1093329299	0.1378390446	-0.07249079787	-0.07152546115	-0.02605744297	0.03496762747	-0.01893685365	-0.01670785201	-0.09255363	0.08926735361	-0.01773615938	-0.04127044988	0.01700652456	-0.0654114647	-0.05036849635	-0.05940652342	-0.1487126587	0.03780073239	-0.01675645289	-0.09757032857	0.03629701874	0.1923746732	0.05956700457	-0.01027583444
